U=1.000 
ngas=6.000e+06 (cm-3) 
mean_lam=1.300 (um) 
gamma=0.700 
amax=2.500 (um) 
dust_composition=astro 
! 
Av= 0.000,14.796,41.154,221.104,10886.093
! 
NH= 0.00000e+00,2.14542e+22,5.96732e+22,3.20601e+23,1.57848e+25
! 
w	 p(Av=0.000)	 p(Av=14.796)	 p(Av=41.154)	 p(Av=221.104)	 p(Av=10886.093)
9.120e-02	 -7.329e-01	 5.475e-03	 5.744e-03	 3.846e-03	 nan	 
9.226e-02	 -8.213e-01	 6.135e-03	 6.437e-03	 4.309e-03	 nan	 
9.332e-02	 -9.143e-01	 6.830e-03	 7.166e-03	 4.798e-03	 nan	 
9.441e-02	 -1.013e+00	 7.569e-03	 7.941e-03	 5.316e-03	 nan	 
9.550e-02	 -1.125e+00	 8.409e-03	 8.822e-03	 5.907e-03	 nan	 
9.661e-02	 -1.247e+00	 9.321e-03	 9.779e-03	 6.547e-03	 nan	 
9.772e-02	 -1.377e+00	 1.029e-02	 1.080e-02	 7.228e-03	 nan	 
9.886e-02	 -1.516e+00	 1.133e-02	 1.189e-02	 7.959e-03	 nan	 
1.000e-01	 -1.670e+00	 1.248e-02	 1.310e-02	 8.769e-03	 nan	 
1.012e-01	 -1.835e+00	 1.371e-02	 1.439e-02	 9.632e-03	 nan	 
1.023e-01	 -2.016e+00	 1.507e-02	 1.581e-02	 1.058e-02	 nan	 
1.035e-01	 -2.217e+00	 1.657e-02	 1.739e-02	 1.164e-02	 nan	 
1.047e-01	 -2.450e+00	 1.832e-02	 1.922e-02	 1.287e-02	 nan	 
1.059e-01	 -2.697e+00	 2.017e-02	 2.116e-02	 1.417e-02	 nan	 
1.072e-01	 -2.950e+00	 2.207e-02	 2.315e-02	 1.550e-02	 nan	 
1.084e-01	 -3.236e+00	 2.420e-02	 2.540e-02	 1.701e-02	 nan	 
1.097e-01	 -3.564e+00	 2.667e-02	 2.798e-02	 1.874e-02	 nan	 
1.109e-01	 -3.907e+00	 2.924e-02	 3.068e-02	 2.055e-02	 nan	 
1.122e-01	 -4.289e+00	 3.211e-02	 3.369e-02	 2.257e-02	 nan	 
1.135e-01	 -4.705e+00	 3.523e-02	 3.697e-02	 2.476e-02	 nan	 
1.148e-01	 -5.156e+00	 3.863e-02	 4.053e-02	 2.715e-02	 nan	 
1.161e-01	 -5.642e+00	 4.229e-02	 4.437e-02	 2.973e-02	 nan	 
1.175e-01	 -6.187e+00	 4.640e-02	 4.868e-02	 3.262e-02	 nan	 
1.189e-01	 -6.825e+00	 5.121e-02	 5.374e-02	 3.601e-02	 nan	 
1.202e-01	 -7.540e+00	 5.663e-02	 5.942e-02	 3.983e-02	 nan	 
1.216e-01	 -8.290e+00	 6.231e-02	 6.539e-02	 4.383e-02	 nan	 
1.230e-01	 -9.138e+00	 6.875e-02	 7.216e-02	 4.838e-02	 nan	 
1.244e-01	 -1.002e+01	 7.551e-02	 7.925e-02	 5.315e-02	 nan	 
1.259e-01	 -1.093e+01	 8.248e-02	 8.657e-02	 5.808e-02	 nan	 
1.274e-01	 -1.199e+01	 9.062e-02	 9.513e-02	 6.385e-02	 nan	 
1.288e-01	 -1.315e+01	 9.956e-02	 1.045e-01	 7.018e-02	 nan	 
1.303e-01	 -1.448e+01	 1.100e-01	 1.155e-01	 7.758e-02	 nan	 
1.318e-01	 -1.586e+01	 1.207e-01	 1.268e-01	 8.523e-02	 nan	 
1.333e-01	 -1.758e+01	 1.344e-01	 1.412e-01	 9.504e-02	 nan	 
1.349e-01	 -1.921e+01	 1.473e-01	 1.548e-01	 1.042e-01	 nan	 
1.365e-01	 -2.123e+01	 1.638e-01	 1.722e-01	 1.161e-01	 nan	 
1.380e-01	 -2.351e+01	 1.829e-01	 1.924e-01	 1.300e-01	 nan	 
1.396e-01	 -2.628e+01	 2.065e-01	 2.175e-01	 1.472e-01	 nan	 
1.412e-01	 -2.921e+01	 2.324e-01	 2.453e-01	 1.664e-01	 nan	 
1.429e-01	 -3.221e+01	 2.594e-01	 2.743e-01	 1.866e-01	 nan	 
1.445e-01	 -3.561e+01	 2.918e-01	 3.099e-01	 2.116e-01	 nan	 
1.462e-01	 -3.914e+01	 3.264e-01	 3.484e-01	 2.397e-01	 nan	 
1.479e-01	 -4.291e+01	 3.650e-01	 3.955e-01	 2.790e-01	 nan	 
1.496e-01	 -4.691e+01	 4.093e-01	 4.548e-01	 3.281e-01	 nan	 
1.514e-01	 -5.140e+01	 4.634e-01	 5.390e-01	 4.101e-01	 nan	 
1.531e-01	 -5.536e+01	 5.083e-01	 6.009e-01	 4.681e-01	 nan	 
1.549e-01	 -5.916e+01	 5.526e-01	 6.661e-01	 5.243e-01	 nan	 
1.567e-01	 -6.279e+01	 5.944e-01	 7.282e-01	 5.877e-01	 nan	 
1.585e-01	 -6.630e+01	 6.366e-01	 7.915e-01	 6.448e-01	 nan	 
1.603e-01	 -6.952e+01	 6.734e-01	 8.443e-01	 6.898e-01	 nan	 
1.622e-01	 -7.240e+01	 7.078e-01	 8.941e-01	 7.395e-01	 nan	 
1.641e-01	 -7.564e+01	 7.462e-01	 9.530e-01	 7.932e-01	 nan	 
1.660e-01	 -7.816e+01	 7.779e-01	 1.009e+00	 8.551e-01	 nan	 
1.679e-01	 -7.988e+01	 7.925e-01	 1.017e+00	 8.498e-01	 nan	 
1.698e-01	 -8.200e+01	 8.172e-01	 1.053e+00	 8.881e-01	 nan	 
1.718e-01	 -8.412e+01	 8.404e-01	 1.085e+00	 9.133e-01	 nan	 
1.738e-01	 -8.632e+01	 8.675e-01	 1.126e+00	 9.539e-01	 nan	 
1.758e-01	 -8.725e+01	 8.746e-01	 1.131e+00	 9.525e-01	 nan	 
1.778e-01	 -9.070e+01	 9.253e-01	 1.236e+00	 1.076e+00	 nan	 
1.799e-01	 -9.293e+01	 9.490e-01	 1.262e+00	 1.098e+00	 nan	 
1.820e-01	 -9.467e+01	 9.639e-01	 1.278e+00	 1.104e+00	 nan	 
1.841e-01	 -9.624e+01	 9.761e-01	 1.293e+00	 1.115e+00	 nan	 
1.862e-01	 -9.762e+01	 9.960e-01	 1.319e+00	 1.138e+00	 nan	 
1.884e-01	 -1.012e+02	 1.032e+00	 1.359e+00	 1.164e+00	 nan	 
1.905e-01	 -1.027e+02	 1.040e+00	 1.370e+00	 1.177e+00	 nan	 
1.928e-01	 -1.023e+02	 1.036e+00	 1.364e+00	 1.173e+00	 nan	 
1.950e-01	 -1.051e+02	 1.074e+00	 1.414e+00	 1.214e+00	 nan	 
1.972e-01	 -1.078e+02	 1.097e+00	 1.443e+00	 1.238e+00	 nan	 
1.995e-01	 -1.075e+02	 1.084e+00	 1.419e+00	 1.213e+00	 nan	 
2.018e-01	 -1.074e+02	 1.090e+00	 1.434e+00	 1.233e+00	 nan	 
2.042e-01	 -1.097e+02	 1.119e+00	 1.473e+00	 1.259e+00	 nan	 
2.065e-01	 -1.121e+02	 1.138e+00	 1.492e+00	 1.270e+00	 nan	 
2.089e-01	 -1.128e+02	 1.142e+00	 1.495e+00	 1.273e+00	 nan	 
2.113e-01	 -1.125e+02	 1.142e+00	 1.498e+00	 1.277e+00	 nan	 
2.138e-01	 -1.147e+02	 1.167e+00	 1.530e+00	 1.303e+00	 nan	 
2.163e-01	 -1.179e+02	 1.198e+00	 1.567e+00	 1.333e+00	 nan	 
2.188e-01	 -1.192e+02	 1.208e+00	 1.577e+00	 1.341e+00	 nan	 
2.213e-01	 -1.192e+02	 1.208e+00	 1.578e+00	 1.340e+00	 nan	 
2.239e-01	 -1.208e+02	 1.229e+00	 1.609e+00	 1.369e+00	 nan	 
2.265e-01	 -1.231e+02	 1.248e+00	 1.629e+00	 1.379e+00	 nan	 
2.291e-01	 -1.256e+02	 1.274e+00	 1.660e+00	 1.405e+00	 nan	 
2.317e-01	 -1.273e+02	 1.293e+00	 1.688e+00	 1.433e+00	 nan	 
2.344e-01	 -1.269e+02	 1.290e+00	 1.688e+00	 1.433e+00	 nan	 
2.371e-01	 -1.295e+02	 1.316e+00	 1.720e+00	 1.456e+00	 nan	 
2.399e-01	 -1.329e+02	 1.350e+00	 1.755e+00	 1.479e+00	 nan	 
2.427e-01	 -1.351e+02	 1.373e+00	 1.786e+00	 1.507e+00	 nan	 
2.455e-01	 -1.349e+02	 1.370e+00	 1.783e+00	 1.503e+00	 nan	 
2.483e-01	 -1.366e+02	 1.386e+00	 1.803e+00	 1.520e+00	 nan	 
2.512e-01	 -1.394e+02	 1.415e+00	 1.841e+00	 1.550e+00	 nan	 
2.541e-01	 -1.425e+02	 1.448e+00	 1.882e+00	 1.580e+00	 nan	 
2.570e-01	 -1.439e+02	 1.462e+00	 1.896e+00	 1.591e+00	 nan	 
2.600e-01	 -1.442e+02	 1.464e+00	 1.901e+00	 1.598e+00	 nan	 
2.630e-01	 -1.468e+02	 1.488e+00	 1.930e+00	 1.619e+00	 nan	 
2.661e-01	 -1.500e+02	 1.523e+00	 1.973e+00	 1.651e+00	 nan	 
2.691e-01	 -1.531e+02	 1.559e+00	 2.022e+00	 1.690e+00	 nan	 
2.723e-01	 -1.541e+02	 1.567e+00	 2.032e+00	 1.702e+00	 nan	 
2.754e-01	 -1.553e+02	 1.574e+00	 2.039e+00	 1.709e+00	 nan	 
2.786e-01	 -1.585e+02	 1.609e+00	 2.085e+00	 1.744e+00	 nan	 
2.818e-01	 -1.619e+02	 1.648e+00	 2.139e+00	 1.786e+00	 nan	 
2.851e-01	 -1.644e+02	 1.672e+00	 2.163e+00	 1.798e+00	 nan	 
2.884e-01	 -1.651e+02	 1.677e+00	 2.172e+00	 1.813e+00	 nan	 
2.917e-01	 -1.675e+02	 1.698e+00	 2.196e+00	 1.830e+00	 nan	 
2.951e-01	 -1.707e+02	 1.735e+00	 2.245e+00	 1.872e+00	 nan	 
2.985e-01	 -1.742e+02	 1.774e+00	 2.297e+00	 1.906e+00	 nan	 
3.020e-01	 -1.771e+02	 1.805e+00	 2.338e+00	 1.943e+00	 nan	 
3.055e-01	 -1.780e+02	 1.810e+00	 2.342e+00	 1.941e+00	 nan	 
3.090e-01	 -1.807e+02	 1.834e+00	 2.369e+00	 1.969e+00	 nan	 
3.126e-01	 -1.844e+02	 1.878e+00	 2.433e+00	 2.022e+00	 nan	 
3.162e-01	 -1.883e+02	 1.924e+00	 2.496e+00	 2.070e+00	 nan	 
3.199e-01	 -1.903e+02	 1.943e+00	 2.517e+00	 2.088e+00	 nan	 
3.236e-01	 -1.916e+02	 1.948e+00	 2.517e+00	 2.085e+00	 nan	 
3.273e-01	 -1.951e+02	 1.984e+00	 2.561e+00	 2.123e+00	 nan	 
3.311e-01	 -1.991e+02	 2.033e+00	 2.633e+00	 2.181e+00	 nan	 
3.350e-01	 -2.031e+02	 2.081e+00	 2.702e+00	 2.236e+00	 nan	 
3.388e-01	 -2.052e+02	 2.100e+00	 2.724e+00	 2.255e+00	 nan	 
3.428e-01	 -2.069e+02	 2.110e+00	 2.726e+00	 2.257e+00	 nan	 
3.467e-01	 -2.107e+02	 2.151e+00	 2.778e+00	 2.299e+00	 nan	 
3.507e-01	 -2.145e+02	 2.197e+00	 2.848e+00	 2.352e+00	 nan	 
3.548e-01	 -2.184e+02	 2.244e+00	 2.913e+00	 2.407e+00	 nan	 
3.589e-01	 -2.207e+02	 2.263e+00	 2.927e+00	 2.415e+00	 nan	 
3.631e-01	 -2.233e+02	 2.286e+00	 2.953e+00	 2.437e+00	 nan	 
3.673e-01	 -2.272e+02	 2.331e+00	 3.015e+00	 2.488e+00	 nan	 
3.715e-01	 -2.308e+02	 2.376e+00	 3.082e+00	 2.544e+00	 nan	 
3.758e-01	 -2.354e+02	 2.433e+00	 3.164e+00	 2.616e+00	 nan	 
3.802e-01	 -2.375e+02	 2.447e+00	 3.169e+00	 2.609e+00	 nan	 
3.846e-01	 -2.404e+02	 2.476e+00	 3.202e+00	 2.639e+00	 nan	 
3.891e-01	 -2.444e+02	 2.524e+00	 3.267e+00	 2.693e+00	 nan	 
3.936e-01	 -2.483e+02	 2.573e+00	 3.343e+00	 2.758e+00	 nan	 
3.981e-01	 -2.527e+02	 2.626e+00	 3.416e+00	 2.817e+00	 nan	 
4.027e-01	 -2.553e+02	 2.650e+00	 3.437e+00	 2.830e+00	 nan	 
4.074e-01	 -2.582e+02	 2.679e+00	 3.462e+00	 2.846e+00	 nan	 
4.121e-01	 -2.619e+02	 2.724e+00	 3.526e+00	 2.906e+00	 nan	 
4.169e-01	 -2.661e+02	 2.779e+00	 3.612e+00	 2.976e+00	 nan	 
4.217e-01	 -2.705e+02	 2.833e+00	 3.687e+00	 3.037e+00	 nan	 
4.266e-01	 -2.735e+02	 2.865e+00	 3.721e+00	 3.066e+00	 nan	 
4.315e-01	 -2.764e+02	 2.896e+00	 3.752e+00	 3.093e+00	 nan	 
4.365e-01	 -2.807e+02	 2.950e+00	 3.825e+00	 3.150e+00	 nan	 
4.416e-01	 -2.849e+02	 3.006e+00	 3.911e+00	 3.220e+00	 nan	 
4.467e-01	 -2.891e+02	 3.061e+00	 3.987e+00	 3.282e+00	 nan	 
4.519e-01	 -2.922e+02	 3.096e+00	 4.027e+00	 3.325e+00	 nan	 
4.571e-01	 -2.953e+02	 3.129e+00	 4.054e+00	 3.337e+00	 nan	 
4.624e-01	 -2.995e+02	 3.186e+00	 4.139e+00	 3.410e+00	 nan	 
4.677e-01	 -3.035e+02	 3.240e+00	 4.220e+00	 3.477e+00	 nan	 
4.732e-01	 -3.081e+02	 3.305e+00	 4.316e+00	 3.561e+00	 nan	 
4.786e-01	 -3.108e+02	 3.333e+00	 4.339e+00	 3.580e+00	 nan	 
4.842e-01	 -3.143e+02	 3.377e+00	 4.385e+00	 3.615e+00	 nan	 
4.898e-01	 -3.182e+02	 3.432e+00	 4.465e+00	 3.680e+00	 nan	 
4.954e-01	 -3.225e+02	 3.493e+00	 4.563e+00	 3.769e+00	 nan	 
5.012e-01	 -3.270e+02	 3.557e+00	 4.655e+00	 3.849e+00	 nan	 
5.070e-01	 -3.297e+02	 3.591e+00	 4.686e+00	 3.868e+00	 nan	 
5.129e-01	 -3.328e+02	 3.633e+00	 4.733e+00	 3.905e+00	 nan	 
5.188e-01	 -3.370e+02	 3.694e+00	 4.818e+00	 3.972e+00	 nan	 
5.248e-01	 -3.414e+02	 3.758e+00	 4.924e+00	 4.075e+00	 nan	 
5.309e-01	 -3.457e+02	 3.824e+00	 5.021e+00	 4.160e+00	 nan	 
5.370e-01	 -3.487e+02	 3.864e+00	 5.063e+00	 4.189e+00	 nan	 
5.433e-01	 -3.518e+02	 3.909e+00	 5.116e+00	 4.233e+00	 nan	 
5.495e-01	 -3.555e+02	 3.966e+00	 5.193e+00	 4.294e+00	 nan	 
5.559e-01	 -3.598e+02	 4.033e+00	 5.305e+00	 4.400e+00	 nan	 
5.623e-01	 -3.638e+02	 4.097e+00	 5.403e+00	 4.490e+00	 nan	 
5.688e-01	 -3.663e+02	 4.134e+00	 5.436e+00	 4.508e+00	 nan	 
5.754e-01	 -3.699e+02	 4.190e+00	 5.508e+00	 4.568e+00	 nan	 
5.821e-01	 -3.738e+02	 4.254e+00	 5.602e+00	 4.645e+00	 nan	 
5.888e-01	 -3.775e+02	 4.316e+00	 5.706e+00	 4.747e+00	 nan	 
5.957e-01	 -3.813e+02	 4.380e+00	 5.808e+00	 4.844e+00	 nan	 
6.026e-01	 -3.840e+02	 4.425e+00	 5.855e+00	 4.876e+00	 nan	 
6.095e-01	 -3.869e+02	 4.475e+00	 5.917e+00	 4.922e+00	 nan	 
6.166e-01	 -3.908e+02	 4.543e+00	 6.024e+00	 5.020e+00	 nan	 
6.237e-01	 -3.942e+02	 4.602e+00	 6.120e+00	 5.107e+00	 nan	 
6.310e-01	 -3.978e+02	 4.669e+00	 6.232e+00	 5.215e+00	 nan	 
6.383e-01	 -4.003e+02	 4.713e+00	 6.281e+00	 5.249e+00	 nan	 
6.457e-01	 -4.030e+02	 4.763e+00	 6.346e+00	 5.293e+00	 nan	 
6.531e-01	 -4.065e+02	 4.828e+00	 6.452e+00	 5.398e+00	 nan	 
6.607e-01	 -4.100e+02	 4.894e+00	 6.561e+00	 5.501e+00	 nan	 
6.683e-01	 -4.134e+02	 4.962e+00	 6.676e+00	 5.605e+00	 nan	 
6.761e-01	 -4.156e+02	 5.008e+00	 6.736e+00	 5.658e+00	 nan	 
6.839e-01	 -4.177e+02	 5.053e+00	 6.791e+00	 5.686e+00	 nan	 
6.918e-01	 -4.210e+02	 5.119e+00	 6.905e+00	 5.802e+00	 nan	 
6.998e-01	 -4.243e+02	 5.187e+00	 7.024e+00	 5.914e+00	 nan	 
7.079e-01	 -4.274e+02	 5.251e+00	 7.136e+00	 6.023e+00	 nan	 
7.161e-01	 -4.293e+02	 5.296e+00	 7.198e+00	 6.078e+00	 nan	 
7.244e-01	 -4.315e+02	 5.347e+00	 7.271e+00	 6.121e+00	 nan	 
7.328e-01	 -4.342e+02	 5.409e+00	 7.383e+00	 6.242e+00	 nan	 
7.413e-01	 -4.367e+02	 5.467e+00	 7.487e+00	 6.338e+00	 nan	 
7.499e-01	 -4.395e+02	 5.532e+00	 7.607e+00	 6.453e+00	 nan	 
7.586e-01	 -4.412e+02	 5.578e+00	 7.681e+00	 6.519e+00	 nan	 
7.674e-01	 -4.431e+02	 5.627e+00	 7.754e+00	 6.564e+00	 nan	 
7.763e-01	 -4.454e+02	 5.685e+00	 7.860e+00	 6.678e+00	 nan	 
7.852e-01	 -4.474e+02	 5.740e+00	 7.967e+00	 6.785e+00	 nan	 
7.943e-01	 -4.500e+02	 5.805e+00	 8.097e+00	 6.922e+00	 nan	 
8.035e-01	 -4.514e+02	 5.848e+00	 8.165e+00	 6.962e+00	 nan	 
8.128e-01	 -4.530e+02	 5.898e+00	 8.250e+00	 7.027e+00	 nan	 
8.222e-01	 -4.549e+02	 5.953e+00	 8.360e+00	 7.143e+00	 nan	 
8.318e-01	 -4.567e+02	 6.008e+00	 8.475e+00	 7.266e+00	 nan	 
8.414e-01	 -4.588e+02	 6.069e+00	 8.605e+00	 7.401e+00	 nan	 
8.511e-01	 -4.598e+02	 6.109e+00	 8.674e+00	 7.451e+00	 nan	 
8.610e-01	 -4.607e+02	 6.149e+00	 8.745e+00	 7.488e+00	 nan	 
8.710e-01	 -4.626e+02	 6.208e+00	 8.875e+00	 7.630e+00	 nan	 
8.810e-01	 -4.639e+02	 6.257e+00	 8.985e+00	 7.758e+00	 nan	 
8.913e-01	 -4.656e+02	 6.314e+00	 9.115e+00	 7.891e+00	 nan	 
9.016e-01	 -4.660e+02	 6.348e+00	 9.185e+00	 7.946e+00	 nan	 
9.120e-01	 -4.665e+02	 6.383e+00	 9.256e+00	 7.990e+00	 nan	 
9.226e-01	 -4.677e+02	 6.434e+00	 9.376e+00	 8.111e+00	 nan	 
9.333e-01	 -4.684e+02	 6.476e+00	 9.486e+00	 8.249e+00	 nan	 
9.441e-01	 -4.700e+02	 6.534e+00	 9.628e+00	 8.407e+00	 nan	 
9.550e-01	 -4.699e+02	 6.561e+00	 9.689e+00	 8.428e+00	 nan	 
9.661e-01	 -4.698e+02	 6.592e+00	 9.771e+00	 8.495e+00	 nan	 
9.772e-01	 -4.708e+02	 6.641e+00	 9.897e+00	 8.634e+00	 nan	 
9.886e-01	 -4.713e+02	 6.681e+00	 1.001e+01	 8.777e+00	 nan	 
1.000e+00	 -4.715e+02	 6.718e+00	 1.012e+01	 8.903e+00	 nan	 
1.012e+00	 -4.708e+02	 6.739e+00	 1.019e+01	 8.943e+00	 nan	 
1.023e+00	 -4.701e+02	 6.760e+00	 1.026e+01	 8.989e+00	 nan	 
1.035e+00	 -4.704e+02	 6.798e+00	 1.038e+01	 9.143e+00	 nan	 
1.047e+00	 -4.706e+02	 6.835e+00	 1.050e+01	 9.302e+00	 nan	 
1.059e+00	 -4.702e+02	 6.860e+00	 1.059e+01	 9.400e+00	 nan	 
1.071e+00	 -4.694e+02	 6.879e+00	 1.067e+01	 9.441e+00	 nan	 
1.084e+00	 -4.685e+02	 6.893e+00	 1.073e+01	 9.488e+00	 nan	 
1.097e+00	 -4.686e+02	 6.927e+00	 1.085e+01	 9.628e+00	 nan	 
1.109e+00	 -4.685e+02	 6.957e+00	 1.096e+01	 9.789e+00	 nan	 
1.122e+00	 -4.681e+02	 6.982e+00	 1.106e+01	 9.894e+00	 nan	 
1.135e+00	 -4.668e+02	 6.990e+00	 1.112e+01	 9.927e+00	 nan	 
1.148e+00	 -4.661e+02	 7.008e+00	 1.120e+01	 1.000e+01	 nan	 
1.161e+00	 -4.658e+02	 7.033e+00	 1.131e+01	 1.013e+01	 nan	 
1.175e+00	 -4.654e+02	 7.057e+00	 1.142e+01	 1.029e+01	 nan	 
1.189e+00	 -4.648e+02	 7.075e+00	 1.152e+01	 1.039e+01	 nan	 
1.202e+00	 -4.637e+02	 7.086e+00	 1.159e+01	 1.045e+01	 nan	 
1.216e+00	 -4.622e+02	 7.089e+00	 1.165e+01	 1.049e+01	 nan	 
1.230e+00	 -4.616e+02	 7.109e+00	 1.175e+01	 1.062e+01	 nan	 
1.245e+00	 -4.613e+02	 7.132e+00	 1.187e+01	 1.079e+01	 nan	 
1.259e+00	 -4.607e+02	 7.149e+00	 1.196e+01	 1.090e+01	 nan	 
1.273e+00	 -4.591e+02	 7.151e+00	 1.203e+01	 1.095e+01	 nan	 
1.288e+00	 -4.574e+02	 7.149e+00	 1.209e+01	 1.101e+01	 nan	 
1.303e+00	 -4.569e+02	 7.166e+00	 1.218e+01	 1.113e+01	 nan	 
1.318e+00	 -4.570e+02	 7.193e+00	 1.230e+01	 1.130e+01	 nan	 
1.334e+00	 -4.566e+02	 7.212e+00	 1.242e+01	 1.145e+01	 nan	 
1.349e+00	 -4.553e+02	 7.214e+00	 1.248e+01	 1.151e+01	 nan	 
1.365e+00	 -4.534e+02	 7.208e+00	 1.254e+01	 1.156e+01	 nan	 
1.380e+00	 -4.516e+02	 7.205e+00	 1.261e+01	 1.165e+01	 nan	 
1.396e+00	 -4.501e+02	 7.206e+00	 1.270e+01	 1.181e+01	 nan	 
1.413e+00	 -4.487e+02	 7.208e+00	 1.279e+01	 1.195e+01	 nan	 
1.429e+00	 -4.467e+02	 7.199e+00	 1.285e+01	 1.200e+01	 nan	 
1.445e+00	 -4.448e+02	 7.189e+00	 1.290e+01	 1.206e+01	 nan	 
1.462e+00	 -4.433e+02	 7.186e+00	 1.298e+01	 1.217e+01	 nan	 
1.479e+00	 -4.420e+02	 7.187e+00	 1.306e+01	 1.232e+01	 nan	 
1.496e+00	 -4.409e+02	 7.190e+00	 1.315e+01	 1.246e+01	 nan	 
1.514e+00	 -4.392e+02	 7.182e+00	 1.322e+01	 1.255e+01	 nan	 
1.531e+00	 -4.372e+02	 7.169e+00	 1.327e+01	 1.262e+01	 nan	 
1.549e+00	 -4.354e+02	 7.159e+00	 1.333e+01	 1.270e+01	 nan	 
1.567e+00	 -4.343e+02	 7.160e+00	 1.341e+01	 1.284e+01	 nan	 
1.585e+00	 -4.329e+02	 7.154e+00	 1.349e+01	 1.296e+01	 nan	 
1.603e+00	 -4.313e+02	 7.147e+00	 1.356e+01	 1.310e+01	 nan	 
1.622e+00	 -4.295e+02	 7.133e+00	 1.361e+01	 1.318e+01	 nan	 
1.641e+00	 -4.280e+02	 7.126e+00	 1.368e+01	 1.329e+01	 nan	 
1.660e+00	 -4.262e+02	 7.112e+00	 1.373e+01	 1.338e+01	 nan	 
1.679e+00	 -4.246e+02	 7.101e+00	 1.380e+01	 1.350e+01	 nan	 
1.698e+00	 -4.229e+02	 7.088e+00	 1.385e+01	 1.362e+01	 nan	 
1.718e+00	 -4.214e+02	 7.079e+00	 1.392e+01	 1.374e+01	 nan	 
1.738e+00	 -4.195e+02	 7.060e+00	 1.396e+01	 1.384e+01	 nan	 
1.758e+00	 -4.178e+02	 7.045e+00	 1.401e+01	 1.395e+01	 nan	 
1.778e+00	 -4.161e+02	 7.030e+00	 1.406e+01	 1.404e+01	 nan	 
1.799e+00	 -4.140e+02	 7.008e+00	 1.410e+01	 1.411e+01	 nan	 
1.820e+00	 -4.120e+02	 6.985e+00	 1.413e+01	 1.419e+01	 nan	 
1.841e+00	 -4.103e+02	 6.969e+00	 1.417e+01	 1.431e+01	 nan	 
1.862e+00	 -4.088e+02	 6.955e+00	 1.423e+01	 1.446e+01	 nan	 
1.884e+00	 -4.068e+02	 6.932e+00	 1.426e+01	 1.456e+01	 nan	 
1.906e+00	 -4.050e+02	 6.911e+00	 1.429e+01	 1.464e+01	 nan	 
1.928e+00	 -4.029e+02	 6.885e+00	 1.432e+01	 1.471e+01	 nan	 
1.950e+00	 -4.008e+02	 6.859e+00	 1.433e+01	 1.478e+01	 nan	 
1.972e+00	 -3.993e+02	 6.842e+00	 1.437e+01	 1.489e+01	 nan	 
1.995e+00	 -3.975e+02	 6.821e+00	 1.441e+01	 1.501e+01	 nan	 
2.018e+00	 -3.956e+02	 6.797e+00	 1.443e+01	 1.510e+01	 nan	 
2.042e+00	 -3.940e+02	 6.776e+00	 1.445e+01	 1.519e+01	 nan	 
2.065e+00	 -3.921e+02	 6.751e+00	 1.447e+01	 1.529e+01	 nan	 
2.089e+00	 -3.903e+02	 6.727e+00	 1.449e+01	 1.538e+01	 nan	 
2.114e+00	 -3.886e+02	 6.706e+00	 1.451e+01	 1.548e+01	 nan	 
2.138e+00	 -3.867e+02	 6.679e+00	 1.452e+01	 1.555e+01	 nan	 
2.163e+00	 -3.850e+02	 6.655e+00	 1.453e+01	 1.563e+01	 nan	 
2.188e+00	 -3.833e+02	 6.633e+00	 1.455e+01	 1.573e+01	 nan	 
2.213e+00	 -3.816e+02	 6.608e+00	 1.456e+01	 1.583e+01	 nan	 
2.239e+00	 -3.801e+02	 6.588e+00	 1.458e+01	 1.594e+01	 nan	 
2.265e+00	 -3.784e+02	 6.565e+00	 1.459e+01	 1.603e+01	 nan	 
2.291e+00	 -3.767e+02	 6.540e+00	 1.460e+01	 1.612e+01	 nan	 
2.317e+00	 -3.750e+02	 6.516e+00	 1.460e+01	 1.621e+01	 nan	 
2.344e+00	 -3.735e+02	 6.493e+00	 1.461e+01	 1.630e+01	 nan	 
2.371e+00	 -3.719e+02	 6.471e+00	 1.462e+01	 1.641e+01	 nan	 
2.399e+00	 -3.703e+02	 6.446e+00	 1.462e+01	 1.649e+01	 nan	 
2.427e+00	 -3.688e+02	 6.424e+00	 1.463e+01	 1.660e+01	 nan	 
2.455e+00	 -3.671e+02	 6.399e+00	 1.462e+01	 1.669e+01	 nan	 
2.483e+00	 -3.656e+02	 6.376e+00	 1.462e+01	 1.678e+01	 nan	 
2.512e+00	 -3.639e+02	 6.350e+00	 1.462e+01	 1.687e+01	 nan	 
2.541e+00	 -3.625e+02	 6.328e+00	 1.462e+01	 1.697e+01	 nan	 
2.570e+00	 -3.609e+02	 6.304e+00	 1.461e+01	 1.706e+01	 nan	 
2.600e+00	 -3.595e+02	 6.282e+00	 1.461e+01	 1.717e+01	 nan	 
2.630e+00	 -3.581e+02	 6.260e+00	 1.461e+01	 1.727e+01	 nan	 
2.661e+00	 -3.564e+02	 6.233e+00	 1.459e+01	 1.735e+01	 nan	 
2.691e+00	 -3.550e+02	 6.211e+00	 1.458e+01	 1.745e+01	 nan	 
2.723e+00	 -3.537e+02	 6.190e+00	 1.458e+01	 1.755e+01	 nan	 
2.754e+00	 -3.523e+02	 6.167e+00	 1.457e+01	 1.765e+01	 nan	 
2.786e+00	 -3.511e+02	 6.147e+00	 1.456e+01	 1.776e+01	 nan	 
2.818e+00	 -3.498e+02	 6.127e+00	 1.455e+01	 1.786e+01	 nan	 
2.851e+00	 -3.484e+02	 6.104e+00	 1.454e+01	 1.794e+01	 nan	 
2.884e+00	 -3.471e+02	 6.082e+00	 1.452e+01	 1.802e+01	 nan	 
2.917e+00	 -3.461e+02	 6.065e+00	 1.452e+01	 1.814e+01	 nan	 
2.951e+00	 -3.450e+02	 6.047e+00	 1.450e+01	 1.823e+01	 nan	 
2.985e+00	 -3.438e+02	 6.027e+00	 1.449e+01	 1.832e+01	 nan	 
3.020e+00	 -3.430e+02	 6.014e+00	 1.449e+01	 1.844e+01	 nan	 
3.055e+00	 -3.422e+02	 6.001e+00	 1.449e+01	 1.855e+01	 nan	 
3.090e+00	 -3.411e+02	 5.982e+00	 1.448e+01	 1.864e+01	 nan	 
3.126e+00	 -3.403e+02	 5.970e+00	 1.448e+01	 1.875e+01	 nan	 
3.162e+00	 -3.394e+02	 5.956e+00	 1.448e+01	 1.886e+01	 nan	 
3.199e+00	 -3.384e+02	 5.939e+00	 1.447e+01	 1.897e+01	 nan	 
3.236e+00	 -3.371e+02	 5.917e+00	 1.445e+01	 1.905e+01	 nan	 
3.273e+00	 -3.355e+02	 5.892e+00	 1.442e+01	 1.914e+01	 nan	 
3.311e+00	 -3.333e+02	 5.853e+00	 1.435e+01	 1.920e+01	 nan	 
3.350e+00	 -3.303e+02	 5.797e+00	 1.422e+01	 1.913e+01	 nan	 
3.388e+00	 -3.355e+02	 5.876e+00	 1.436e+01	 1.927e+01	 nan	 
3.428e+00	 -3.378e+02	 5.919e+00	 1.449e+01	 1.951e+01	 nan	 
3.467e+00	 -3.400e+02	 5.962e+00	 1.463e+01	 1.977e+01	 nan	 
3.507e+00	 -3.406e+02	 5.980e+00	 1.474e+01	 2.007e+01	 nan	 
3.548e+00	 -3.399e+02	 5.974e+00	 1.478e+01	 2.029e+01	 nan	 
3.589e+00	 -3.377e+02	 5.943e+00	 1.477e+01	 2.049e+01	 nan	 
3.631e+00	 -3.343e+02	 5.887e+00	 1.468e+01	 2.056e+01	 nan	 
3.673e+00	 -3.319e+02	 5.847e+00	 1.461e+01	 2.062e+01	 nan	 
3.715e+00	 -3.301e+02	 5.817e+00	 1.457e+01	 2.071e+01	 nan	 
3.758e+00	 -3.283e+02	 5.785e+00	 1.452e+01	 2.078e+01	 nan	 
3.802e+00	 -3.266e+02	 5.757e+00	 1.447e+01	 2.086e+01	 nan	 
3.846e+00	 -3.250e+02	 5.731e+00	 1.444e+01	 2.094e+01	 nan	 
3.891e+00	 -3.234e+02	 5.703e+00	 1.439e+01	 2.103e+01	 nan	 
3.935e+00	 -3.218e+02	 5.676e+00	 1.435e+01	 2.111e+01	 nan	 
3.981e+00	 -3.200e+02	 5.646e+00	 1.429e+01	 2.117e+01	 nan	 
4.027e+00	 -3.184e+02	 5.618e+00	 1.425e+01	 2.124e+01	 nan	 
4.074e+00	 -3.168e+02	 5.591e+00	 1.420e+01	 2.132e+01	 nan	 
4.121e+00	 -3.151e+02	 5.562e+00	 1.415e+01	 2.138e+01	 nan	 
4.169e+00	 -3.133e+02	 5.530e+00	 1.408e+01	 2.142e+01	 nan	 
4.217e+00	 -3.117e+02	 5.502e+00	 1.403e+01	 2.147e+01	 nan	 
4.266e+00	 -3.100e+02	 5.473e+00	 1.397e+01	 2.152e+01	 nan	 
4.315e+00	 -3.084e+02	 5.445e+00	 1.392e+01	 2.156e+01	 nan	 
4.365e+00	 -3.068e+02	 5.416e+00	 1.386e+01	 2.160e+01	 nan	 
4.416e+00	 -3.052e+02	 5.388e+00	 1.380e+01	 2.164e+01	 nan	 
4.467e+00	 -3.035e+02	 5.358e+00	 1.374e+01	 2.166e+01	 nan	 
4.519e+00	 -3.019e+02	 5.331e+00	 1.368e+01	 2.169e+01	 nan	 
4.571e+00	 -3.003e+02	 5.302e+00	 1.362e+01	 2.172e+01	 nan	 
4.624e+00	 -2.988e+02	 5.275e+00	 1.356e+01	 2.174e+01	 nan	 
4.677e+00	 -2.973e+02	 5.249e+00	 1.350e+01	 2.177e+01	 nan	 
4.732e+00	 -2.958e+02	 5.222e+00	 1.344e+01	 2.178e+01	 nan	 
4.786e+00	 -2.943e+02	 5.196e+00	 1.338e+01	 2.180e+01	 nan	 
4.842e+00	 -2.926e+02	 5.165e+00	 1.331e+01	 2.178e+01	 nan	 
4.898e+00	 -2.912e+02	 5.139e+00	 1.325e+01	 2.178e+01	 nan	 
4.955e+00	 -2.899e+02	 5.116e+00	 1.319e+01	 2.180e+01	 nan	 
5.012e+00	 -2.885e+02	 5.091e+00	 1.314e+01	 2.181e+01	 nan	 
5.070e+00	 -2.870e+02	 5.063e+00	 1.307e+01	 2.180e+01	 nan	 
5.129e+00	 -2.855e+02	 5.038e+00	 1.301e+01	 2.180e+01	 nan	 
5.188e+00	 -2.840e+02	 5.011e+00	 1.295e+01	 2.178e+01	 nan	 
5.248e+00	 -2.826e+02	 4.985e+00	 1.288e+01	 2.177e+01	 nan	 
5.309e+00	 -2.811e+02	 4.958e+00	 1.282e+01	 2.175e+01	 nan	 
5.370e+00	 -2.796e+02	 4.932e+00	 1.276e+01	 2.174e+01	 nan	 
5.432e+00	 -2.782e+02	 4.906e+00	 1.269e+01	 2.173e+01	 nan	 
5.495e+00	 -2.767e+02	 4.879e+00	 1.263e+01	 2.170e+01	 nan	 
5.559e+00	 -2.751e+02	 4.850e+00	 1.256e+01	 2.166e+01	 nan	 
5.623e+00	 -2.736e+02	 4.823e+00	 1.249e+01	 2.163e+01	 nan	 
5.688e+00	 -2.720e+02	 4.795e+00	 1.242e+01	 2.161e+01	 nan	 
5.754e+00	 -2.705e+02	 4.769e+00	 1.236e+01	 2.159e+01	 nan	 
5.821e+00	 -2.689e+02	 4.739e+00	 1.228e+01	 2.154e+01	 nan	 
5.888e+00	 -2.671e+02	 4.708e+00	 1.220e+01	 2.149e+01	 nan	 
5.957e+00	 -2.656e+02	 4.680e+00	 1.213e+01	 2.145e+01	 nan	 
6.026e+00	 -2.639e+02	 4.650e+00	 1.206e+01	 2.139e+01	 nan	 
6.095e+00	 -2.621e+02	 4.617e+00	 1.197e+01	 2.132e+01	 nan	 
6.166e+00	 -2.602e+02	 4.584e+00	 1.189e+01	 2.124e+01	 nan	 
6.237e+00	 -2.584e+02	 4.552e+00	 1.181e+01	 2.118e+01	 nan	 
6.310e+00	 -2.564e+02	 4.516e+00	 1.172e+01	 2.108e+01	 nan	 
6.383e+00	 -2.545e+02	 4.482e+00	 1.163e+01	 2.099e+01	 nan	 
6.457e+00	 -2.524e+02	 4.444e+00	 1.153e+01	 2.088e+01	 nan	 
6.531e+00	 -2.503e+02	 4.406e+00	 1.143e+01	 2.077e+01	 nan	 
6.607e+00	 -2.479e+02	 4.364e+00	 1.132e+01	 2.063e+01	 nan	 
6.683e+00	 -2.455e+02	 4.319e+00	 1.120e+01	 2.048e+01	 nan	 
6.761e+00	 -2.425e+02	 4.266e+00	 1.106e+01	 2.028e+01	 nan	 
6.839e+00	 -2.424e+02	 4.261e+00	 1.103e+01	 2.018e+01	 nan	 
6.918e+00	 -2.408e+02	 4.236e+00	 1.098e+01	 2.022e+01	 nan	 
6.998e+00	 -2.368e+02	 4.164e+00	 1.079e+01	 1.995e+01	 nan	 
7.080e+00	 -2.338e+02	 4.111e+00	 1.066e+01	 1.975e+01	 nan	 
7.161e+00	 -2.307e+02	 4.055e+00	 1.051e+01	 1.952e+01	 nan	 
7.244e+00	 -2.275e+02	 3.997e+00	 1.035e+01	 1.927e+01	 nan	 
7.328e+00	 -2.240e+02	 3.935e+00	 1.019e+01	 1.901e+01	 nan	 
7.413e+00	 -2.205e+02	 3.872e+00	 1.002e+01	 1.874e+01	 nan	 
7.499e+00	 -2.166e+02	 3.803e+00	 9.836e+00	 1.843e+01	 nan	 
7.586e+00	 -2.123e+02	 3.727e+00	 9.634e+00	 1.808e+01	 nan	 
7.674e+00	 -2.077e+02	 3.644e+00	 9.414e+00	 1.770e+01	 nan	 
7.762e+00	 -2.023e+02	 3.547e+00	 9.157e+00	 1.725e+01	 nan	 
7.852e+00	 -1.955e+02	 3.425e+00	 8.831e+00	 1.664e+01	 nan	 
7.943e+00	 -1.887e+02	 3.304e+00	 8.498e+00	 1.598e+01	 nan	 
8.035e+00	 -1.826e+02	 3.192e+00	 8.183e+00	 1.531e+01	 nan	 
8.128e+00	 -1.771e+02	 3.091e+00	 7.892e+00	 1.465e+01	 nan	 
8.222e+00	 -1.726e+02	 3.005e+00	 7.637e+00	 1.403e+01	 nan	 
8.318e+00	 -1.707e+02	 2.965e+00	 7.484e+00	 1.353e+01	 nan	 
8.414e+00	 -1.713e+02	 2.969e+00	 7.453e+00	 1.329e+01	 nan	 
8.511e+00	 -1.734e+02	 3.001e+00	 7.501e+00	 1.322e+01	 nan	 
8.610e+00	 -1.718e+02	 2.968e+00	 7.397e+00	 1.295e+01	 nan	 
8.710e+00	 -1.653e+02	 2.849e+00	 7.053e+00	 1.216e+01	 nan	 
8.811e+00	 -1.662e+02	 2.853e+00	 6.994e+00	 1.175e+01	 nan	 
8.913e+00	 -1.737e+02	 2.973e+00	 7.231e+00	 1.187e+01	 nan	 
9.016e+00	 -1.826e+02	 3.116e+00	 7.526e+00	 1.211e+01	 nan	 
9.120e+00	 -1.940e+02	 3.303e+00	 7.923e+00	 1.249e+01	 nan	 
9.226e+00	 -2.112e+02	 3.588e+00	 8.556e+00	 1.325e+01	 nan	 
9.333e+00	 -2.345e+02	 3.978e+00	 9.452e+00	 1.444e+01	 nan	 
9.441e+00	 -2.626e+02	 4.453e+00	 1.057e+01	 1.605e+01	 nan	 
9.550e+00	 -2.931e+02	 4.974e+00	 1.182e+01	 1.794e+01	 nan	 
9.660e+00	 -3.247e+02	 5.516e+00	 1.315e+01	 2.002e+01	 nan	 
9.772e+00	 -3.561e+02	 6.061e+00	 1.451e+01	 2.226e+01	 nan	 
9.885e+00	 -3.859e+02	 6.583e+00	 1.584e+01	 2.456e+01	 nan	 
1.000e+01	 -4.121e+02	 7.046e+00	 1.705e+01	 2.678e+01	 nan	 
1.012e+01	 -4.332e+02	 7.426e+00	 1.809e+01	 2.884e+01	 nan	 
1.023e+01	 -4.481e+02	 7.701e+00	 1.889e+01	 3.059e+01	 nan	 
1.035e+01	 -4.576e+02	 7.883e+00	 1.945e+01	 3.199e+01	 nan	 
1.047e+01	 -4.637e+02	 8.005e+00	 1.986e+01	 3.315e+01	 nan	 
1.059e+01	 -4.679e+02	 8.094e+00	 2.018e+01	 3.418e+01	 nan	 
1.072e+01	 -4.703e+02	 8.149e+00	 2.042e+01	 3.505e+01	 nan	 
1.084e+01	 -4.715e+02	 8.185e+00	 2.060e+01	 3.586e+01	 nan	 
1.097e+01	 -4.714e+02	 8.196e+00	 2.072e+01	 3.657e+01	 nan	 
1.109e+01	 -4.696e+02	 8.179e+00	 2.078e+01	 3.720e+01	 nan	 
1.122e+01	 -4.653e+02	 8.120e+00	 2.072e+01	 3.768e+01	 nan	 
1.135e+01	 -4.571e+02	 7.991e+00	 2.049e+01	 3.788e+01	 nan	 
1.148e+01	 -4.461e+02	 7.809e+00	 2.011e+01	 3.773e+01	 nan	 
1.161e+01	 -4.352e+02	 7.629e+00	 1.971e+01	 3.751e+01	 nan	 
1.175e+01	 -4.243e+02	 7.446e+00	 1.930e+01	 3.721e+01	 nan	 
1.189e+01	 -4.126e+02	 7.249e+00	 1.885e+01	 3.683e+01	 nan	 
1.202e+01	 -3.991e+02	 7.020e+00	 1.831e+01	 3.626e+01	 nan	 
1.216e+01	 -3.834e+02	 6.751e+00	 1.765e+01	 3.543e+01	 nan	 
1.230e+01	 -3.662e+02	 6.452e+00	 1.691e+01	 3.431e+01	 nan	 
1.244e+01	 -3.486e+02	 6.144e+00	 1.612e+01	 3.299e+01	 nan	 
1.259e+01	 -3.325e+02	 5.860e+00	 1.537e+01	 3.160e+01	 nan	 
1.273e+01	 -3.203e+02	 5.642e+00	 1.479e+01	 3.042e+01	 nan	 
1.288e+01	 -3.116e+02	 5.486e+00	 1.436e+01	 2.952e+01	 nan	 
1.303e+01	 -3.040e+02	 5.350e+00	 1.399e+01	 2.877e+01	 nan	 
1.318e+01	 -2.966e+02	 5.217e+00	 1.363e+01	 2.800e+01	 nan	 
1.334e+01	 -2.905e+02	 5.109e+00	 1.334e+01	 2.739e+01	 nan	 
1.349e+01	 -2.843e+02	 4.998e+00	 1.304e+01	 2.675e+01	 nan	 
1.365e+01	 -2.784e+02	 4.892e+00	 1.275e+01	 2.613e+01	 nan	 
1.380e+01	 -2.728e+02	 4.791e+00	 1.247e+01	 2.552e+01	 nan	 
1.396e+01	 -2.676e+02	 4.697e+00	 1.221e+01	 2.495e+01	 nan	 
1.412e+01	 -2.628e+02	 4.611e+00	 1.197e+01	 2.440e+01	 nan	 
1.429e+01	 -2.586e+02	 4.534e+00	 1.176e+01	 2.388e+01	 nan	 
1.445e+01	 -2.549e+02	 4.466e+00	 1.156e+01	 2.341e+01	 nan	 
1.462e+01	 -2.519e+02	 4.412e+00	 1.141e+01	 2.300e+01	 nan	 
1.479e+01	 -2.498e+02	 4.371e+00	 1.128e+01	 2.265e+01	 nan	 
1.496e+01	 -2.487e+02	 4.349e+00	 1.121e+01	 2.239e+01	 nan	 
1.514e+01	 -2.486e+02	 4.344e+00	 1.117e+01	 2.222e+01	 nan	 
1.531e+01	 -2.497e+02	 4.360e+00	 1.119e+01	 2.215e+01	 nan	 
1.549e+01	 -2.518e+02	 4.394e+00	 1.126e+01	 2.218e+01	 nan	 
1.567e+01	 -2.550e+02	 4.446e+00	 1.138e+01	 2.230e+01	 nan	 
1.585e+01	 -2.591e+02	 4.516e+00	 1.154e+01	 2.253e+01	 nan	 
1.603e+01	 -2.643e+02	 4.605e+00	 1.175e+01	 2.285e+01	 nan	 
1.622e+01	 -2.705e+02	 4.710e+00	 1.201e+01	 2.327e+01	 nan	 
1.641e+01	 -2.774e+02	 4.829e+00	 1.230e+01	 2.376e+01	 nan	 
1.660e+01	 -2.852e+02	 4.962e+00	 1.263e+01	 2.435e+01	 nan	 
1.679e+01	 -2.936e+02	 5.107e+00	 1.299e+01	 2.501e+01	 nan	 
1.698e+01	 -3.022e+02	 5.258e+00	 1.337e+01	 2.572e+01	 nan	 
1.718e+01	 -3.110e+02	 5.410e+00	 1.376e+01	 2.646e+01	 nan	 
1.738e+01	 -3.198e+02	 5.563e+00	 1.415e+01	 2.723e+01	 nan	 
1.758e+01	 -3.284e+02	 5.713e+00	 1.453e+01	 2.800e+01	 nan	 
1.778e+01	 -3.367e+02	 5.858e+00	 1.491e+01	 2.878e+01	 nan	 
1.799e+01	 -3.444e+02	 5.994e+00	 1.526e+01	 2.952e+01	 nan	 
1.820e+01	 -3.515e+02	 6.119e+00	 1.560e+01	 3.024e+01	 nan	 
1.841e+01	 -3.578e+02	 6.232e+00	 1.589e+01	 3.091e+01	 nan	 
1.862e+01	 -3.631e+02	 6.325e+00	 1.615e+01	 3.150e+01	 nan	 
1.884e+01	 -3.672e+02	 6.400e+00	 1.635e+01	 3.202e+01	 nan	 
1.906e+01	 -3.698e+02	 6.447e+00	 1.649e+01	 3.241e+01	 nan	 
1.927e+01	 -3.713e+02	 6.476e+00	 1.658e+01	 3.270e+01	 nan	 
1.950e+01	 -3.710e+02	 6.473e+00	 1.659e+01	 3.285e+01	 nan	 
1.972e+01	 -3.695e+02	 6.448e+00	 1.654e+01	 3.287e+01	 nan	 
1.995e+01	 -3.665e+02	 6.397e+00	 1.642e+01	 3.275e+01	 nan	 
2.018e+01	 -3.635e+02	 6.347e+00	 1.630e+01	 3.259e+01	 nan	 
2.042e+01	 -3.604e+02	 6.293e+00	 1.617e+01	 3.241e+01	 nan	 
2.065e+01	 -3.572e+02	 6.238e+00	 1.604e+01	 3.221e+01	 nan	 
2.089e+01	 -3.541e+02	 6.186e+00	 1.591e+01	 3.202e+01	 nan	 
2.114e+01	 -3.513e+02	 6.138e+00	 1.579e+01	 3.184e+01	 nan	 
2.138e+01	 -3.482e+02	 6.084e+00	 1.566e+01	 3.162e+01	 nan	 
2.163e+01	 -3.451e+02	 6.031e+00	 1.552e+01	 3.141e+01	 nan	 
2.188e+01	 -3.419e+02	 5.975e+00	 1.539e+01	 3.119e+01	 nan	 
2.213e+01	 -3.380e+02	 5.908e+00	 1.522e+01	 3.091e+01	 nan	 
2.239e+01	 -3.333e+02	 5.828e+00	 1.502e+01	 3.056e+01	 nan	 
2.265e+01	 -3.283e+02	 5.740e+00	 1.480e+01	 3.016e+01	 nan	 
2.291e+01	 -3.224e+02	 5.638e+00	 1.454e+01	 2.968e+01	 nan	 
2.317e+01	 -3.159e+02	 5.524e+00	 1.425e+01	 2.914e+01	 nan	 
2.344e+01	 -3.094e+02	 5.412e+00	 1.397e+01	 2.859e+01	 nan	 
2.371e+01	 -3.026e+02	 5.293e+00	 1.366e+01	 2.800e+01	 nan	 
2.399e+01	 -2.958e+02	 5.174e+00	 1.336e+01	 2.740e+01	 nan	 
2.427e+01	 -2.890e+02	 5.055e+00	 1.305e+01	 2.680e+01	 nan	 
2.455e+01	 -2.822e+02	 4.937e+00	 1.275e+01	 2.619e+01	 nan	 
2.483e+01	 -2.754e+02	 4.818e+00	 1.244e+01	 2.557e+01	 nan	 
2.512e+01	 -2.687e+02	 4.700e+00	 1.213e+01	 2.495e+01	 nan	 
2.541e+01	 -2.623e+02	 4.588e+00	 1.184e+01	 2.436e+01	 nan	 
2.570e+01	 -2.559e+02	 4.477e+00	 1.156e+01	 2.377e+01	 nan	 
2.600e+01	 -2.495e+02	 4.365e+00	 1.127e+01	 2.317e+01	 nan	 
2.630e+01	 -2.433e+02	 4.256e+00	 1.098e+01	 2.259e+01	 nan	 
2.661e+01	 -2.372e+02	 4.149e+00	 1.071e+01	 2.202e+01	 nan	 
2.692e+01	 -2.314e+02	 4.046e+00	 1.044e+01	 2.146e+01	 nan	 
2.723e+01	 -2.254e+02	 3.942e+00	 1.017e+01	 2.090e+01	 nan	 
2.754e+01	 -2.197e+02	 3.841e+00	 9.906e+00	 2.036e+01	 nan	 
2.786e+01	 -2.140e+02	 3.741e+00	 9.645e+00	 1.981e+01	 nan	 
2.818e+01	 -2.084e+02	 3.643e+00	 9.390e+00	 1.928e+01	 nan	 
2.851e+01	 -2.030e+02	 3.548e+00	 9.143e+00	 1.876e+01	 nan	 
2.884e+01	 -1.976e+02	 3.454e+00	 8.901e+00	 1.825e+01	 nan	 
2.917e+01	 -1.925e+02	 3.363e+00	 8.664e+00	 1.776e+01	 nan	 
2.951e+01	 -1.873e+02	 3.273e+00	 8.429e+00	 1.727e+01	 nan	 
2.985e+01	 -1.824e+02	 3.187e+00	 8.205e+00	 1.679e+01	 nan	 
3.020e+01	 -1.776e+02	 3.103e+00	 7.986e+00	 1.633e+01	 nan	 
3.055e+01	 -1.728e+02	 3.019e+00	 7.769e+00	 1.588e+01	 nan	 
3.090e+01	 -1.682e+02	 2.938e+00	 7.558e+00	 1.543e+01	 nan	 
3.126e+01	 -1.637e+02	 2.859e+00	 7.352e+00	 1.500e+01	 nan	 
3.162e+01	 -1.593e+02	 2.782e+00	 7.151e+00	 1.458e+01	 nan	 
3.199e+01	 -1.550e+02	 2.706e+00	 6.956e+00	 1.417e+01	 nan	 
3.236e+01	 -1.508e+02	 2.632e+00	 6.763e+00	 1.376e+01	 nan	 
3.273e+01	 -1.467e+02	 2.561e+00	 6.578e+00	 1.337e+01	 nan	 
3.311e+01	 -1.429e+02	 2.493e+00	 6.402e+00	 1.300e+01	 nan	 
3.350e+01	 -1.389e+02	 2.424e+00	 6.224e+00	 1.263e+01	 nan	 
3.388e+01	 -1.351e+02	 2.358e+00	 6.050e+00	 1.227e+01	 nan	 
3.428e+01	 -1.315e+02	 2.294e+00	 5.886e+00	 1.192e+01	 nan	 
3.467e+01	 -1.280e+02	 2.232e+00	 5.724e+00	 1.158e+01	 nan	 
3.508e+01	 -1.244e+02	 2.170e+00	 5.564e+00	 1.125e+01	 nan	 
3.548e+01	 -1.211e+02	 2.112e+00	 5.413e+00	 1.093e+01	 nan	 
3.589e+01	 -1.179e+02	 2.055e+00	 5.265e+00	 1.062e+01	 nan	 
3.631e+01	 -1.147e+02	 1.999e+00	 5.120e+00	 1.032e+01	 nan	 
3.673e+01	 -1.115e+02	 1.944e+00	 4.978e+00	 1.002e+01	 nan	 
3.715e+01	 -1.085e+02	 1.892e+00	 4.842e+00	 9.739e+00	 nan	 
3.758e+01	 -1.056e+02	 1.841e+00	 4.709e+00	 9.463e+00	 nan	 
3.802e+01	 -1.027e+02	 1.790e+00	 4.578e+00	 9.189e+00	 nan	 
3.846e+01	 -9.993e+01	 1.741e+00	 4.452e+00	 8.929e+00	 nan	 
3.890e+01	 -9.723e+01	 1.694e+00	 4.330e+00	 8.674e+00	 nan	 
3.935e+01	 -9.461e+01	 1.648e+00	 4.211e+00	 8.427e+00	 nan	 
3.981e+01	 -9.207e+01	 1.603e+00	 4.096e+00	 8.189e+00	 nan	 
4.027e+01	 -8.963e+01	 1.561e+00	 3.986e+00	 7.961e+00	 nan	 
4.074e+01	 -8.715e+01	 1.518e+00	 3.874e+00	 7.730e+00	 nan	 
4.121e+01	 -8.484e+01	 1.477e+00	 3.770e+00	 7.514e+00	 nan	 
4.169e+01	 -8.259e+01	 1.438e+00	 3.668e+00	 7.303e+00	 nan	 
4.217e+01	 -8.034e+01	 1.398e+00	 3.566e+00	 7.095e+00	 nan	 
4.266e+01	 -7.816e+01	 1.360e+00	 3.468e+00	 6.893e+00	 nan	 
4.315e+01	 -7.607e+01	 1.324e+00	 3.374e+00	 6.699e+00	 nan	 
4.365e+01	 -7.405e+01	 1.288e+00	 3.283e+00	 6.512e+00	 nan	 
4.416e+01	 -7.207e+01	 1.254e+00	 3.194e+00	 6.329e+00	 nan	 
4.467e+01	 -7.018e+01	 1.221e+00	 3.109e+00	 6.154e+00	 nan	 
4.519e+01	 -6.826e+01	 1.187e+00	 3.022e+00	 5.978e+00	 nan	 
4.571e+01	 -6.647e+01	 1.156e+00	 2.942e+00	 5.814e+00	 nan	 
4.624e+01	 -6.472e+01	 1.126e+00	 2.864e+00	 5.654e+00	 nan	 
4.677e+01	 -6.301e+01	 1.096e+00	 2.787e+00	 5.496e+00	 nan	 
4.731e+01	 -6.135e+01	 1.067e+00	 2.712e+00	 5.344e+00	 nan	 
4.786e+01	 -5.971e+01	 1.038e+00	 2.639e+00	 5.194e+00	 nan	 
4.842e+01	 -5.810e+01	 1.010e+00	 2.567e+00	 5.048e+00	 nan	 
4.898e+01	 -5.662e+01	 9.839e-01	 2.500e+00	 4.913e+00	 nan	 
4.954e+01	 -5.511e+01	 9.577e-01	 2.433e+00	 4.776e+00	 nan	 
5.012e+01	 -5.365e+01	 9.323e-01	 2.368e+00	 4.644e+00	 nan	 
5.070e+01	 -5.226e+01	 9.079e-01	 2.305e+00	 4.518e+00	 nan	 
5.129e+01	 -5.088e+01	 8.839e-01	 2.244e+00	 4.393e+00	 nan	 
5.188e+01	 -4.956e+01	 8.608e-01	 2.184e+00	 4.274e+00	 nan	 
5.248e+01	 -4.826e+01	 8.382e-01	 2.126e+00	 4.157e+00	 nan	 
5.309e+01	 -4.699e+01	 8.160e-01	 2.070e+00	 4.043e+00	 nan	 
5.370e+01	 -4.578e+01	 7.949e-01	 2.016e+00	 3.934e+00	 nan	 
5.433e+01	 -4.460e+01	 7.744e-01	 1.963e+00	 3.829e+00	 nan	 
5.495e+01	 -4.343e+01	 7.541e-01	 1.911e+00	 3.724e+00	 nan	 
5.559e+01	 -4.231e+01	 7.345e-01	 1.861e+00	 3.624e+00	 nan	 
5.623e+01	 -4.122e+01	 7.154e-01	 1.812e+00	 3.527e+00	 nan	 
5.688e+01	 -4.016e+01	 6.970e-01	 1.765e+00	 3.432e+00	 nan	 
5.754e+01	 -3.911e+01	 6.788e-01	 1.719e+00	 3.339e+00	 nan	 
5.821e+01	 -3.810e+01	 6.612e-01	 1.674e+00	 3.250e+00	 nan	 
5.888e+01	 -3.713e+01	 6.443e-01	 1.631e+00	 3.164e+00	 nan	 
5.957e+01	 -3.618e+01	 6.277e-01	 1.588e+00	 3.079e+00	 nan	 
6.026e+01	 -3.527e+01	 6.119e-01	 1.548e+00	 2.999e+00	 nan	 
6.095e+01	 -3.436e+01	 5.960e-01	 1.508e+00	 2.919e+00	 nan	 
6.166e+01	 -3.348e+01	 5.808e-01	 1.469e+00	 2.841e+00	 nan	 
6.237e+01	 -3.262e+01	 5.658e-01	 1.431e+00	 2.766e+00	 nan	 
6.310e+01	 -3.179e+01	 5.514e-01	 1.394e+00	 2.693e+00	 nan	 
6.383e+01	 -3.099e+01	 5.374e-01	 1.358e+00	 2.623e+00	 nan	 
6.457e+01	 -3.022e+01	 5.240e-01	 1.324e+00	 2.555e+00	 nan	 
6.531e+01	 -2.945e+01	 5.106e-01	 1.290e+00	 2.488e+00	 nan	 
6.607e+01	 -2.871e+01	 4.979e-01	 1.258e+00	 2.424e+00	 nan	 
6.683e+01	 -2.798e+01	 4.851e-01	 1.225e+00	 2.360e+00	 nan	 
6.761e+01	 -2.728e+01	 4.730e-01	 1.194e+00	 2.299e+00	 nan	 
6.839e+01	 -2.660e+01	 4.611e-01	 1.164e+00	 2.239e+00	 nan	 
6.918e+01	 -2.593e+01	 4.495e-01	 1.135e+00	 2.181e+00	 nan	 
6.998e+01	 -2.528e+01	 4.382e-01	 1.106e+00	 2.125e+00	 nan	 
7.079e+01	 -2.465e+01	 4.272e-01	 1.078e+00	 2.070e+00	 nan	 
7.161e+01	 -2.405e+01	 4.167e-01	 1.051e+00	 2.018e+00	 nan	 
7.244e+01	 -2.344e+01	 4.062e-01	 1.025e+00	 1.965e+00	 nan	 
7.328e+01	 -2.286e+01	 3.962e-01	 9.991e-01	 1.916e+00	 nan	 
7.413e+01	 -2.230e+01	 3.863e-01	 9.742e-01	 1.867e+00	 nan	 
7.499e+01	 -2.174e+01	 3.766e-01	 9.496e-01	 1.819e+00	 nan	 
7.586e+01	 -2.120e+01	 3.673e-01	 9.259e-01	 1.773e+00	 nan	 
7.674e+01	 -2.068e+01	 3.582e-01	 9.030e-01	 1.728e+00	 nan	 
7.762e+01	 -2.018e+01	 3.496e-01	 8.811e-01	 1.685e+00	 nan	 
7.852e+01	 -1.968e+01	 3.409e-01	 8.590e-01	 1.642e+00	 nan	 
7.943e+01	 -1.920e+01	 3.325e-01	 8.377e-01	 1.601e+00	 nan	 
8.035e+01	 -1.873e+01	 3.244e-01	 8.172e-01	 1.561e+00	 nan	 
8.128e+01	 -1.827e+01	 3.164e-01	 7.969e-01	 1.521e+00	 nan	 
8.222e+01	 -1.783e+01	 3.087e-01	 7.776e-01	 1.484e+00	 nan	 
8.318e+01	 -1.738e+01	 3.010e-01	 7.581e-01	 1.446e+00	 nan	 
8.414e+01	 -1.696e+01	 2.938e-01	 7.397e-01	 1.410e+00	 nan	 
8.511e+01	 -1.655e+01	 2.866e-01	 7.216e-01	 1.375e+00	 nan	 
8.610e+01	 -1.615e+01	 2.797e-01	 7.041e-01	 1.341e+00	 nan	 
8.710e+01	 -1.576e+01	 2.729e-01	 6.869e-01	 1.308e+00	 nan	 
8.811e+01	 -1.538e+01	 2.663e-01	 6.701e-01	 1.276e+00	 nan	 
8.912e+01	 -1.501e+01	 2.599e-01	 6.539e-01	 1.244e+00	 nan	 
9.016e+01	 -1.466e+01	 2.537e-01	 6.383e-01	 1.214e+00	 nan	 
9.120e+01	 -1.430e+01	 2.475e-01	 6.227e-01	 1.184e+00	 nan	 
9.226e+01	 -1.395e+01	 2.415e-01	 6.076e-01	 1.155e+00	 nan	 
9.332e+01	 -1.362e+01	 2.358e-01	 5.931e-01	 1.127e+00	 nan	 
9.441e+01	 -1.329e+01	 2.301e-01	 5.787e-01	 1.099e+00	 nan	 
9.550e+01	 -1.298e+01	 2.246e-01	 5.649e-01	 1.073e+00	 nan	 
9.661e+01	 -1.267e+01	 2.193e-01	 5.515e-01	 1.047e+00	 nan	 
9.772e+01	 -1.237e+01	 2.140e-01	 5.381e-01	 1.021e+00	 nan	 
9.886e+01	 -1.207e+01	 2.089e-01	 5.253e-01	 9.966e-01	 nan	 
1.000e+02	 -1.179e+01	 2.040e-01	 5.128e-01	 9.726e-01	 nan	 
1.012e+02	 -1.151e+01	 1.992e-01	 5.007e-01	 9.493e-01	 nan	 
1.023e+02	 -1.124e+01	 1.945e-01	 4.888e-01	 9.265e-01	 nan	 
1.035e+02	 -1.097e+01	 1.899e-01	 4.772e-01	 9.043e-01	 nan	 
1.047e+02	 -1.071e+01	 1.854e-01	 4.658e-01	 8.825e-01	 nan	 
1.059e+02	 -1.046e+01	 1.810e-01	 4.548e-01	 8.613e-01	 nan	 
1.072e+02	 -1.021e+01	 1.767e-01	 4.440e-01	 8.407e-01	 nan	 
1.084e+02	 -9.973e+00	 1.726e-01	 4.335e-01	 8.206e-01	 nan	 
1.097e+02	 -9.745e+00	 1.686e-01	 4.235e-01	 8.015e-01	 nan	 
1.109e+02	 -9.516e+00	 1.646e-01	 4.136e-01	 7.825e-01	 nan	 
1.122e+02	 -9.290e+00	 1.607e-01	 4.037e-01	 7.636e-01	 nan	 
1.135e+02	 -9.071e+00	 1.569e-01	 3.941e-01	 7.453e-01	 nan	 
1.148e+02	 -8.865e+00	 1.533e-01	 3.851e-01	 7.281e-01	 nan	 
1.161e+02	 -8.655e+00	 1.497e-01	 3.760e-01	 7.107e-01	 nan	 
1.175e+02	 -8.458e+00	 1.463e-01	 3.674e-01	 6.943e-01	 nan	 
1.188e+02	 -8.260e+00	 1.429e-01	 3.588e-01	 6.778e-01	 nan	 
1.202e+02	 -8.071e+00	 1.396e-01	 3.505e-01	 6.621e-01	 nan	 
1.216e+02	 -7.880e+00	 1.363e-01	 3.422e-01	 6.462e-01	 nan	 
1.230e+02	 -7.702e+00	 1.332e-01	 3.344e-01	 6.314e-01	 nan	 
1.244e+02	 -7.525e+00	 1.302e-01	 3.267e-01	 6.168e-01	 nan	 
1.259e+02	 -7.350e+00	 1.271e-01	 3.191e-01	 6.022e-01	 nan	 
1.273e+02	 -7.182e+00	 1.242e-01	 3.118e-01	 5.883e-01	 nan	 
1.288e+02	 -7.017e+00	 1.214e-01	 3.046e-01	 5.747e-01	 nan	 
1.303e+02	 -6.857e+00	 1.186e-01	 2.976e-01	 5.613e-01	 nan	 
1.318e+02	 -6.698e+00	 1.158e-01	 2.907e-01	 5.482e-01	 nan	 
1.334e+02	 -6.546e+00	 1.132e-01	 2.841e-01	 5.356e-01	 nan	 
1.349e+02	 -6.397e+00	 1.106e-01	 2.776e-01	 5.233e-01	 nan	 
1.365e+02	 -6.252e+00	 1.081e-01	 2.713e-01	 5.114e-01	 nan	 
1.380e+02	 -6.111e+00	 1.057e-01	 2.652e-01	 4.997e-01	 nan	 
1.396e+02	 -5.972e+00	 1.033e-01	 2.591e-01	 4.882e-01	 nan	 
1.412e+02	 -5.836e+00	 1.009e-01	 2.532e-01	 4.770e-01	 nan	 
1.429e+02	 -5.705e+00	 9.864e-02	 2.475e-01	 4.662e-01	 nan	 
1.445e+02	 -5.576e+00	 9.641e-02	 2.418e-01	 4.555e-01	 nan	 
1.462e+02	 -5.450e+00	 9.423e-02	 2.364e-01	 4.451e-01	 nan	 
1.479e+02	 -5.327e+00	 9.211e-02	 2.310e-01	 4.350e-01	 nan	 
1.496e+02	 -5.207e+00	 9.002e-02	 2.258e-01	 4.251e-01	 nan	 
1.514e+02	 -5.090e+00	 8.800e-02	 2.207e-01	 4.155e-01	 nan	 
1.531e+02	 -4.975e+00	 8.601e-02	 2.157e-01	 4.060e-01	 nan	 
1.549e+02	 -4.864e+00	 8.409e-02	 2.109e-01	 3.969e-01	 nan	 
1.567e+02	 -4.754e+00	 8.219e-02	 2.061e-01	 3.879e-01	 nan	 
1.585e+02	 -4.648e+00	 8.036e-02	 2.015e-01	 3.792e-01	 nan	 
1.603e+02	 -4.547e+00	 7.860e-02	 1.971e-01	 3.708e-01	 nan	 
1.622e+02	 -4.444e+00	 7.683e-02	 1.927e-01	 3.624e-01	 nan	 
1.641e+02	 -4.345e+00	 7.511e-02	 1.883e-01	 3.542e-01	 nan	 
1.660e+02	 -4.249e+00	 7.345e-02	 1.842e-01	 3.463e-01	 nan	 
1.679e+02	 -4.153e+00	 7.180e-02	 1.800e-01	 3.385e-01	 nan	 
1.698e+02	 -4.064e+00	 7.025e-02	 1.761e-01	 3.311e-01	 nan	 
1.718e+02	 -3.972e+00	 6.866e-02	 1.722e-01	 3.236e-01	 nan	 
1.738e+02	 -3.883e+00	 6.713e-02	 1.683e-01	 3.164e-01	 nan	 
1.758e+02	 -3.798e+00	 6.565e-02	 1.646e-01	 3.093e-01	 nan	 
1.778e+02	 -3.716e+00	 6.423e-02	 1.610e-01	 3.026e-01	 nan	 
1.799e+02	 -3.633e+00	 6.280e-02	 1.574e-01	 2.958e-01	 nan	 
1.820e+02	 -3.553e+00	 6.142e-02	 1.540e-01	 2.893e-01	 nan	 
1.841e+02	 -3.476e+00	 6.009e-02	 1.506e-01	 2.830e-01	 nan	 
1.862e+02	 -3.399e+00	 5.875e-02	 1.473e-01	 2.767e-01	 nan	 
1.884e+02	 -3.324e+00	 5.746e-02	 1.440e-01	 2.706e-01	 nan	 
1.906e+02	 -3.253e+00	 5.622e-02	 1.409e-01	 2.647e-01	 nan	 
1.928e+02	 -3.181e+00	 5.499e-02	 1.378e-01	 2.589e-01	 nan	 
1.950e+02	 -3.111e+00	 5.378e-02	 1.348e-01	 2.531e-01	 nan	 
1.972e+02	 -3.044e+00	 5.262e-02	 1.319e-01	 2.476e-01	 nan	 
1.995e+02	 -2.978e+00	 5.147e-02	 1.290e-01	 2.422e-01	 nan	 
2.018e+02	 -2.913e+00	 5.034e-02	 1.262e-01	 2.369e-01	 nan	 
2.042e+02	 -2.850e+00	 4.926e-02	 1.235e-01	 2.318e-01	 nan	 
2.065e+02	 -2.788e+00	 4.819e-02	 1.208e-01	 2.267e-01	 nan	 
2.089e+02	 -2.729e+00	 4.716e-02	 1.182e-01	 2.218e-01	 nan	 
2.114e+02	 -2.669e+00	 4.613e-02	 1.156e-01	 2.169e-01	 nan	 
2.138e+02	 -2.612e+00	 4.515e-02	 1.131e-01	 2.123e-01	 nan	 
2.163e+02	 -2.555e+00	 4.417e-02	 1.107e-01	 2.077e-01	 nan	 
2.188e+02	 -2.500e+00	 4.320e-02	 1.082e-01	 2.031e-01	 nan	 
2.213e+02	 -2.447e+00	 4.229e-02	 1.060e-01	 1.988e-01	 nan	 
2.239e+02	 -2.394e+00	 4.137e-02	 1.037e-01	 1.945e-01	 nan	 
2.265e+02	 -2.343e+00	 4.049e-02	 1.015e-01	 1.903e-01	 nan	 
2.291e+02	 -2.293e+00	 3.962e-02	 9.928e-02	 1.862e-01	 nan	 
2.317e+02	 -2.245e+00	 3.879e-02	 9.720e-02	 1.823e-01	 nan	 
2.344e+02	 -2.196e+00	 3.795e-02	 9.508e-02	 1.784e-01	 nan	 
2.371e+02	 -2.149e+00	 3.714e-02	 9.306e-02	 1.745e-01	 nan	 
2.399e+02	 -2.103e+00	 3.635e-02	 9.107e-02	 1.708e-01	 nan	 
2.427e+02	 -2.059e+00	 3.558e-02	 8.915e-02	 1.672e-01	 nan	 
2.455e+02	 -2.015e+00	 3.483e-02	 8.726e-02	 1.636e-01	 nan	 
2.483e+02	 -1.973e+00	 3.409e-02	 8.541e-02	 1.602e-01	 nan	 
2.512e+02	 -1.931e+00	 3.336e-02	 8.358e-02	 1.567e-01	 nan	 
2.541e+02	 -1.890e+00	 3.266e-02	 8.182e-02	 1.534e-01	 nan	 
2.570e+02	 -1.850e+00	 3.197e-02	 8.010e-02	 1.502e-01	 nan	 
2.600e+02	 -1.811e+00	 3.130e-02	 7.841e-02	 1.470e-01	 nan	 
2.630e+02	 -1.773e+00	 3.063e-02	 7.674e-02	 1.439e-01	 nan	 
2.661e+02	 -1.736e+00	 2.999e-02	 7.513e-02	 1.409e-01	 nan	 
2.691e+02	 -1.699e+00	 2.937e-02	 7.356e-02	 1.379e-01	 nan	 
2.723e+02	 -1.663e+00	 2.875e-02	 7.201e-02	 1.350e-01	 nan	 
2.754e+02	 -1.629e+00	 2.815e-02	 7.052e-02	 1.322e-01	 nan	 
2.786e+02	 -1.594e+00	 2.755e-02	 6.902e-02	 1.294e-01	 nan	 
2.818e+02	 -1.562e+00	 2.699e-02	 6.762e-02	 1.267e-01	 nan	 
2.851e+02	 -1.529e+00	 2.643e-02	 6.620e-02	 1.241e-01	 nan	 
2.884e+02	 -1.497e+00	 2.587e-02	 6.480e-02	 1.214e-01	 nan	 
2.917e+02	 -1.465e+00	 2.532e-02	 6.344e-02	 1.189e-01	 nan	 
2.951e+02	 -1.436e+00	 2.481e-02	 6.214e-02	 1.165e-01	 nan	 
2.985e+02	 -1.405e+00	 2.428e-02	 6.082e-02	 1.140e-01	 nan	 
3.020e+02	 -1.377e+00	 2.379e-02	 5.959e-02	 1.117e-01	 nan	 
3.055e+02	 -1.349e+00	 2.330e-02	 5.837e-02	 1.094e-01	 nan	 
3.090e+02	 -1.320e+00	 2.281e-02	 5.713e-02	 1.071e-01	 nan	 
3.126e+02	 -1.293e+00	 2.235e-02	 5.598e-02	 1.049e-01	 nan	 
3.162e+02	 -1.266e+00	 2.188e-02	 5.479e-02	 1.027e-01	 nan	 
3.199e+02	 -1.240e+00	 2.144e-02	 5.369e-02	 1.006e-01	 nan	 
3.236e+02	 -1.214e+00	 2.099e-02	 5.256e-02	 9.848e-02	 nan	 
3.273e+02	 -1.190e+00	 2.056e-02	 5.149e-02	 9.648e-02	 nan	 
3.311e+02	 -1.166e+00	 2.015e-02	 5.046e-02	 9.454e-02	 nan	 
3.350e+02	 -1.142e+00	 1.973e-02	 4.942e-02	 9.258e-02	 nan	 
3.388e+02	 -1.118e+00	 1.933e-02	 4.840e-02	 9.067e-02	 nan	 
3.428e+02	 -1.095e+00	 1.892e-02	 4.740e-02	 8.878e-02	 nan	 
3.467e+02	 -1.074e+00	 1.855e-02	 4.647e-02	 8.705e-02	 nan	 
3.508e+02	 -1.052e+00	 1.817e-02	 4.551e-02	 8.526e-02	 nan	 
3.548e+02	 -1.030e+00	 1.780e-02	 4.459e-02	 8.352e-02	 nan	 
3.589e+02	 -1.009e+00	 1.744e-02	 4.367e-02	 8.180e-02	 nan	 
3.631e+02	 -9.884e-01	 1.708e-02	 4.278e-02	 8.012e-02	 nan	 
3.673e+02	 -9.686e-01	 1.674e-02	 4.191e-02	 7.850e-02	 nan	 
3.715e+02	 -9.495e-01	 1.641e-02	 4.109e-02	 7.695e-02	 nan	 
3.758e+02	 -9.299e-01	 1.607e-02	 4.024e-02	 7.537e-02	 nan	 
3.802e+02	 -9.115e-01	 1.575e-02	 3.944e-02	 7.387e-02	 nan	 
3.846e+02	 -8.924e-01	 1.542e-02	 3.862e-02	 7.232e-02	 nan	 
3.890e+02	 -8.747e-01	 1.511e-02	 3.785e-02	 7.088e-02	 nan	 
3.935e+02	 -8.573e-01	 1.481e-02	 3.709e-02	 6.947e-02	 nan	 
3.981e+02	 -8.401e-01	 1.452e-02	 3.635e-02	 6.808e-02	 nan	 
4.027e+02	 -8.234e-01	 1.423e-02	 3.563e-02	 6.672e-02	 nan	 
4.074e+02	 -8.068e-01	 1.394e-02	 3.491e-02	 6.537e-02	 nan	 
4.121e+02	 -7.910e-01	 1.367e-02	 3.423e-02	 6.409e-02	 nan	 
4.169e+02	 -7.749e-01	 1.339e-02	 3.353e-02	 6.279e-02	 nan	 
4.217e+02	 -7.591e-01	 1.312e-02	 3.285e-02	 6.150e-02	 nan	 
4.266e+02	 -7.447e-01	 1.287e-02	 3.222e-02	 6.034e-02	 nan	 
4.315e+02	 -7.298e-01	 1.261e-02	 3.158e-02	 5.913e-02	 nan	 
4.365e+02	 -7.149e-01	 1.235e-02	 3.093e-02	 5.792e-02	 nan	 
4.416e+02	 -7.010e-01	 1.211e-02	 3.033e-02	 5.679e-02	 nan	 
4.467e+02	 -6.871e-01	 1.187e-02	 2.973e-02	 5.567e-02	 nan	 
4.519e+02	 -6.736e-01	 1.164e-02	 2.915e-02	 5.457e-02	 nan	 
4.571e+02	 -6.605e-01	 1.141e-02	 2.858e-02	 5.351e-02	 nan	 
4.624e+02	 -6.471e-01	 1.118e-02	 2.800e-02	 5.242e-02	 nan	 
4.677e+02	 -6.344e-01	 1.096e-02	 2.745e-02	 5.139e-02	 nan	 
4.731e+02	 -6.223e-01	 1.075e-02	 2.692e-02	 5.040e-02	 nan	 
4.786e+02	 -6.096e-01	 1.053e-02	 2.638e-02	 4.938e-02	 nan	 
4.842e+02	 -5.979e-01	 1.033e-02	 2.587e-02	 4.843e-02	 nan	 
4.898e+02	 -5.861e-01	 1.013e-02	 2.536e-02	 4.747e-02	 nan	 
4.955e+02	 -5.748e-01	 9.931e-03	 2.487e-02	 4.656e-02	 nan	 
5.012e+02	 -5.637e-01	 9.739e-03	 2.439e-02	 4.565e-02	 nan	 
5.070e+02	 -5.524e-01	 9.544e-03	 2.390e-02	 4.474e-02	 nan	 
5.129e+02	 -5.417e-01	 9.359e-03	 2.344e-02	 4.388e-02	 nan	 
5.188e+02	 -5.314e-01	 9.181e-03	 2.299e-02	 4.304e-02	 nan	 
5.248e+02	 -5.207e-01	 8.996e-03	 2.253e-02	 4.217e-02	 nan	 
5.309e+02	 -5.108e-01	 8.825e-03	 2.210e-02	 4.137e-02	 nan	 
5.370e+02	 -5.011e-01	 8.658e-03	 2.168e-02	 4.058e-02	 nan	 
5.432e+02	 -4.912e-01	 8.487e-03	 2.125e-02	 3.978e-02	 nan	 
5.495e+02	 -4.819e-01	 8.326e-03	 2.085e-02	 3.903e-02	 nan	 
5.559e+02	 -4.724e-01	 8.162e-03	 2.044e-02	 3.826e-02	 nan	 
5.623e+02	 -4.633e-01	 8.005e-03	 2.004e-02	 3.752e-02	 nan	 
5.688e+02	 -4.546e-01	 7.855e-03	 1.967e-02	 3.682e-02	 nan	 
5.754e+02	 -4.456e-01	 7.700e-03	 1.928e-02	 3.609e-02	 nan	 
5.821e+02	 -4.373e-01	 7.556e-03	 1.892e-02	 3.542e-02	 nan	 
5.888e+02	 -4.288e-01	 7.409e-03	 1.855e-02	 3.473e-02	 nan	 
5.957e+02	 -4.205e-01	 7.266e-03	 1.819e-02	 3.405e-02	 nan	 
6.026e+02	 -4.126e-01	 7.129e-03	 1.785e-02	 3.341e-02	 nan	 
6.095e+02	 -4.048e-01	 6.995e-03	 1.751e-02	 3.278e-02	 nan	 
6.166e+02	 -3.970e-01	 6.859e-03	 1.717e-02	 3.215e-02	 nan	 
6.237e+02	 -3.894e-01	 6.729e-03	 1.685e-02	 3.153e-02	 nan	 
6.310e+02	 -3.821e-01	 6.601e-03	 1.653e-02	 3.094e-02	 nan	 
6.383e+02	 -3.749e-01	 6.477e-03	 1.622e-02	 3.035e-02	 nan	 
6.457e+02	 -3.677e-01	 6.353e-03	 1.591e-02	 2.977e-02	 nan	 
6.531e+02	 -3.610e-01	 6.237e-03	 1.562e-02	 2.923e-02	 nan	 
6.607e+02	 -3.538e-01	 6.114e-03	 1.531e-02	 2.865e-02	 nan	 
6.683e+02	 -3.473e-01	 6.001e-03	 1.503e-02	 2.812e-02	 nan	 
6.761e+02	 -3.407e-01	 5.887e-03	 1.474e-02	 2.758e-02	 nan	 
6.839e+02	 -3.344e-01	 5.778e-03	 1.447e-02	 2.708e-02	 nan	 
6.918e+02	 -3.282e-01	 5.670e-03	 1.420e-02	 2.657e-02	 nan	 
6.998e+02	 -3.218e-01	 5.561e-03	 1.392e-02	 2.606e-02	 nan	 
7.080e+02	 -3.158e-01	 5.457e-03	 1.366e-02	 2.557e-02	 nan	 
7.161e+02	 -3.099e-01	 5.355e-03	 1.341e-02	 2.509e-02	 nan	 
7.244e+02	 -3.042e-01	 5.256e-03	 1.316e-02	 2.463e-02	 nan	 
7.328e+02	 -2.985e-01	 5.157e-03	 1.291e-02	 2.417e-02	 nan	 
7.413e+02	 -2.931e-01	 5.064e-03	 1.268e-02	 2.373e-02	 nan	 
7.499e+02	 -2.874e-01	 4.965e-03	 1.243e-02	 2.327e-02	 nan	 
7.586e+02	 -2.822e-01	 4.876e-03	 1.221e-02	 2.285e-02	 nan	 
7.674e+02	 -2.771e-01	 4.788e-03	 1.199e-02	 2.243e-02	 nan	 
7.762e+02	 -2.719e-01	 4.698e-03	 1.176e-02	 2.201e-02	 nan	 
7.852e+02	 -2.667e-01	 4.608e-03	 1.154e-02	 2.159e-02	 nan	 
7.943e+02	 -2.618e-01	 4.524e-03	 1.133e-02	 2.120e-02	 nan	 
8.035e+02	 -2.569e-01	 4.439e-03	 1.111e-02	 2.080e-02	 nan	 
8.128e+02	 -2.524e-01	 4.360e-03	 1.092e-02	 2.043e-02	 nan	 
8.222e+02	 -2.477e-01	 4.280e-03	 1.072e-02	 2.006e-02	 nan	 
8.318e+02	 -2.431e-01	 4.200e-03	 1.052e-02	 1.968e-02	 nan	 
8.414e+02	 -2.387e-01	 4.125e-03	 1.033e-02	 1.933e-02	 nan	 
8.511e+02	 -2.344e-01	 4.050e-03	 1.014e-02	 1.898e-02	 nan	 
8.610e+02	 -2.300e-01	 3.974e-03	 9.949e-03	 1.862e-02	 nan	 
8.710e+02	 -2.258e-01	 3.902e-03	 9.769e-03	 1.828e-02	 nan	 
8.810e+02	 -2.218e-01	 3.832e-03	 9.594e-03	 1.795e-02	 nan	 
8.912e+02	 -2.177e-01	 3.761e-03	 9.416e-03	 1.762e-02	 nan	 
9.016e+02	 -2.137e-01	 3.693e-03	 9.246e-03	 1.730e-02	 nan	 
9.120e+02	 -2.099e-01	 3.627e-03	 9.081e-03	 1.699e-02	 nan	 
9.226e+02	 -2.060e-01	 3.559e-03	 8.912e-03	 1.668e-02	 nan	 
9.333e+02	 -2.023e-01	 3.496e-03	 8.753e-03	 1.638e-02	 nan	 
9.441e+02	 -1.987e-01	 3.433e-03	 8.596e-03	 1.609e-02	 nan	 
9.550e+02	 -1.951e-01	 3.370e-03	 8.439e-03	 1.579e-02	 nan	 
9.660e+02	 -1.916e-01	 3.310e-03	 8.287e-03	 1.551e-02	 nan	 
9.772e+02	 -1.882e-01	 3.251e-03	 8.140e-03	 1.523e-02	 nan	 
9.885e+02	 -1.847e-01	 3.192e-03	 7.991e-03	 1.495e-02	 nan	 
1.000e+03	 -1.815e-01	 3.135e-03	 7.850e-03	 1.469e-02	 nan	 
1.012e+03	 -1.782e-01	 3.079e-03	 7.710e-03	 1.443e-02	 nan	 
1.023e+03	 -1.750e-01	 3.023e-03	 7.569e-03	 1.416e-02	 nan	 
1.035e+03	 -1.719e-01	 2.970e-03	 7.435e-03	 1.391e-02	 nan	 
1.047e+03	 -1.688e-01	 2.917e-03	 7.304e-03	 1.367e-02	 nan	 
1.059e+03	 -1.658e-01	 2.864e-03	 7.171e-03	 1.342e-02	 nan	 
1.072e+03	 -1.629e-01	 2.814e-03	 7.045e-03	 1.318e-02	 nan	 
1.084e+03	 -1.600e-01	 2.764e-03	 6.921e-03	 1.295e-02	 nan	 
1.096e+03	 -1.571e-01	 2.714e-03	 6.796e-03	 1.272e-02	 nan	 
1.109e+03	 -1.543e-01	 2.667e-03	 6.677e-03	 1.249e-02	 nan	 
1.122e+03	 -1.516e-01	 2.620e-03	 6.560e-03	 1.227e-02	 nan	 
1.135e+03	 -1.489e-01	 2.573e-03	 6.442e-03	 1.205e-02	 nan	 
1.148e+03	 -1.463e-01	 2.528e-03	 6.330e-03	 1.185e-02	 nan	 
1.161e+03	 -1.438e-01	 2.484e-03	 6.220e-03	 1.164e-02	 nan	 
1.175e+03	 -1.412e-01	 2.440e-03	 6.108e-03	 1.143e-02	 nan	 
1.188e+03	 -1.387e-01	 2.397e-03	 6.001e-03	 1.123e-02	 nan	 
1.202e+03	 -1.363e-01	 2.356e-03	 5.898e-03	 1.104e-02	 nan	 
1.216e+03	 -1.339e-01	 2.313e-03	 5.792e-03	 1.084e-02	 nan	 
1.230e+03	 -1.316e-01	 2.274e-03	 5.693e-03	 1.065e-02	 nan	 
1.244e+03	 -1.293e-01	 2.234e-03	 5.594e-03	 1.047e-02	 nan	 
1.259e+03	 -1.270e-01	 2.194e-03	 5.494e-03	 1.028e-02	 nan	 
1.274e+03	 -1.248e-01	 2.157e-03	 5.399e-03	 1.010e-02	 nan	 
1.288e+03	 -1.227e-01	 2.120e-03	 5.307e-03	 9.931e-03	 nan	 
1.303e+03	 -1.205e-01	 2.082e-03	 5.213e-03	 9.755e-03	 nan	 
1.318e+03	 -1.184e-01	 2.046e-03	 5.123e-03	 9.586e-03	 nan	 
1.334e+03	 -1.164e-01	 2.012e-03	 5.036e-03	 9.424e-03	 nan	 
1.349e+03	 -1.144e-01	 1.976e-03	 4.948e-03	 9.258e-03	 nan	 
1.365e+03	 -1.124e-01	 1.942e-03	 4.863e-03	 9.099e-03	 nan	 
1.380e+03	 -1.105e-01	 1.909e-03	 4.780e-03	 8.944e-03	 nan	 
1.396e+03	 -1.086e-01	 1.876e-03	 4.696e-03	 8.787e-03	 nan	 
1.412e+03	 -1.067e-01	 1.844e-03	 4.616e-03	 8.638e-03	 nan	 
1.429e+03	 -1.049e-01	 1.813e-03	 4.539e-03	 8.493e-03	 nan	 
1.445e+03	 -1.031e-01	 1.781e-03	 4.459e-03	 8.344e-03	 nan	 
1.462e+03	 -1.013e-01	 1.751e-03	 4.384e-03	 8.203e-03	 nan	 
1.479e+03	 -9.963e-02	 1.721e-03	 4.310e-03	 8.064e-03	 nan	 
1.496e+03	 -9.790e-02	 1.691e-03	 4.235e-03	 7.924e-03	 nan	 
1.514e+03	 -9.627e-02	 1.663e-03	 4.164e-03	 7.792e-03	 nan	 
1.531e+03	 -9.464e-02	 1.635e-03	 4.094e-03	 7.660e-03	 nan	 
1.549e+03	 -9.301e-02	 1.607e-03	 4.023e-03	 7.529e-03	 nan	 
1.567e+03	 -9.145e-02	 1.580e-03	 3.956e-03	 7.402e-03	 nan	 
1.585e+03	 -8.993e-02	 1.554e-03	 3.890e-03	 7.279e-03	 nan	 
1.603e+03	 -8.836e-02	 1.527e-03	 3.822e-03	 7.152e-03	 nan	 
1.622e+03	 -8.690e-02	 1.501e-03	 3.759e-03	 7.034e-03	 nan	 
1.641e+03	 -8.545e-02	 1.476e-03	 3.696e-03	 6.916e-03	 nan	 
1.660e+03	 -8.397e-02	 1.451e-03	 3.632e-03	 6.797e-03	 nan	 
1.679e+03	 -8.259e-02	 1.427e-03	 3.573e-03	 6.685e-03	 nan	 
1.698e+03	 -8.123e-02	 1.403e-03	 3.514e-03	 6.575e-03	 nan	 
1.718e+03	 -7.984e-02	 1.379e-03	 3.454e-03	 6.462e-03	 nan	 
1.738e+03	 -7.851e-02	 1.357e-03	 3.396e-03	 6.355e-03	 nan	 
1.758e+03	 -7.723e-02	 1.334e-03	 3.341e-03	 6.251e-03	 nan	 
1.778e+03	 -7.591e-02	 1.312e-03	 3.284e-03	 6.144e-03	 nan	 
1.799e+03	 -7.468e-02	 1.290e-03	 3.230e-03	 6.045e-03	 nan	 
1.820e+03	 -7.345e-02	 1.269e-03	 3.177e-03	 5.945e-03	 nan	 
1.841e+03	 -7.220e-02	 1.247e-03	 3.123e-03	 5.844e-03	 nan	 
1.862e+03	 -7.103e-02	 1.227e-03	 3.073e-03	 5.750e-03	 nan	 
1.884e+03	 -6.987e-02	 1.207e-03	 3.022e-03	 5.655e-03	 nan	 
1.906e+03	 -6.869e-02	 1.187e-03	 2.971e-03	 5.559e-03	 nan	 
1.928e+03	 -6.758e-02	 1.168e-03	 2.923e-03	 5.470e-03	 nan	 
1.950e+03	 -6.648e-02	 1.149e-03	 2.876e-03	 5.381e-03	 nan	 
1.972e+03	 -6.537e-02	 1.129e-03	 2.828e-03	 5.291e-03	 nan	 
1.995e+03	 -6.432e-02	 1.111e-03	 2.782e-03	 5.206e-03	 nan	 
2.018e+03	 -6.319e-02	 1.092e-03	 2.733e-03	 5.115e-03	 nan	 
2.042e+03	 -6.211e-02	 1.073e-03	 2.687e-03	 5.027e-03	 nan	 
2.065e+03	 -6.105e-02	 1.055e-03	 2.641e-03	 4.941e-03	 nan	 
2.089e+03	 -5.996e-02	 1.036e-03	 2.594e-03	 4.853e-03	 nan	 
2.114e+03	 -5.894e-02	 1.018e-03	 2.549e-03	 4.770e-03	 nan	 
2.138e+03	 -5.794e-02	 1.001e-03	 2.506e-03	 4.690e-03	 nan	 
2.163e+03	 -5.691e-02	 9.832e-04	 2.462e-03	 4.606e-03	 nan	 
2.188e+03	 -5.594e-02	 9.664e-04	 2.420e-03	 4.528e-03	 nan	 
2.213e+03	 -5.497e-02	 9.498e-04	 2.378e-03	 4.449e-03	 nan	 
2.239e+03	 -5.400e-02	 9.329e-04	 2.336e-03	 4.370e-03	 nan	 
2.265e+03	 -5.308e-02	 9.171e-04	 2.296e-03	 4.297e-03	 nan	 
2.291e+03	 -5.217e-02	 9.014e-04	 2.257e-03	 4.223e-03	 nan	 
2.317e+03	 -5.125e-02	 8.854e-04	 2.217e-03	 4.148e-03	 nan	 
2.344e+03	 -5.037e-02	 8.702e-04	 2.179e-03	 4.077e-03	 nan	 
2.371e+03	 -4.950e-02	 8.552e-04	 2.141e-03	 4.006e-03	 nan	 
2.399e+03	 -4.863e-02	 8.402e-04	 2.104e-03	 3.936e-03	 nan	 
2.427e+03	 -4.780e-02	 8.259e-04	 2.068e-03	 3.869e-03	 nan	 
2.455e+03	 -4.698e-02	 8.117e-04	 2.032e-03	 3.802e-03	 nan	 
2.483e+03	 -4.615e-02	 7.973e-04	 1.996e-03	 3.735e-03	 nan	 
2.512e+03	 -4.535e-02	 7.836e-04	 1.962e-03	 3.671e-03	 nan	 
2.541e+03	 -4.457e-02	 7.701e-04	 1.928e-03	 3.608e-03	 nan	 
2.570e+03	 -4.379e-02	 7.566e-04	 1.894e-03	 3.545e-03	 nan	 
2.600e+03	 -4.303e-02	 7.435e-04	 1.861e-03	 3.483e-03	 nan	 
2.630e+03	 -4.230e-02	 7.309e-04	 1.830e-03	 3.424e-03	 nan	 
2.661e+03	 -4.155e-02	 7.179e-04	 1.797e-03	 3.363e-03	 nan	 
2.692e+03	 -4.083e-02	 7.054e-04	 1.766e-03	 3.304e-03	 nan	 
2.723e+03	 -4.014e-02	 6.934e-04	 1.736e-03	 3.248e-03	 nan	 
2.754e+03	 -3.943e-02	 6.812e-04	 1.706e-03	 3.191e-03	 nan	 
2.786e+03	 -3.875e-02	 6.695e-04	 1.676e-03	 3.136e-03	 nan	 
2.818e+03	 -3.809e-02	 6.581e-04	 1.648e-03	 3.083e-03	 nan	 
2.851e+03	 -3.743e-02	 6.467e-04	 1.619e-03	 3.030e-03	 nan	 
2.884e+03	 -3.677e-02	 6.352e-04	 1.590e-03	 2.976e-03	 nan	 
2.917e+03	 -3.614e-02	 6.244e-04	 1.563e-03	 2.925e-03	 nan	 
2.951e+03	 -3.552e-02	 6.137e-04	 1.537e-03	 2.875e-03	 nan	 
2.985e+03	 -3.489e-02	 6.028e-04	 1.509e-03	 2.824e-03	 nan	 
3.020e+03	 -3.429e-02	 5.925e-04	 1.483e-03	 2.776e-03	 nan	 
3.055e+03	 -3.370e-02	 5.823e-04	 1.458e-03	 2.728e-03	 nan	 
3.090e+03	 -3.312e-02	 5.723e-04	 1.433e-03	 2.681e-03	 nan	 
3.126e+03	 -3.254e-02	 5.622e-04	 1.408e-03	 2.634e-03	 nan	 
3.162e+03	 -3.198e-02	 5.526e-04	 1.384e-03	 2.589e-03	 nan	 
3.199e+03	 -3.143e-02	 5.431e-04	 1.360e-03	 2.544e-03	 nan	 
3.236e+03	 -3.087e-02	 5.334e-04	 1.336e-03	 2.499e-03	 nan	 
3.273e+03	 -3.035e-02	 5.243e-04	 1.313e-03	 2.456e-03	 nan	 
3.311e+03	 -2.982e-02	 5.152e-04	 1.290e-03	 2.414e-03	 nan	 
3.350e+03	 -2.931e-02	 5.064e-04	 1.268e-03	 2.372e-03	 nan	 
3.388e+03	 -2.879e-02	 4.975e-04	 1.245e-03	 2.330e-03	 nan	 
3.428e+03	 -2.829e-02	 4.888e-04	 1.224e-03	 2.290e-03	 nan	 
3.467e+03	 -2.781e-02	 4.805e-04	 1.203e-03	 2.251e-03	 nan	 
3.508e+03	 -2.732e-02	 4.720e-04	 1.182e-03	 2.211e-03	 nan	 
3.548e+03	 -2.685e-02	 4.639e-04	 1.161e-03	 2.173e-03	 nan	 
3.589e+03	 -2.639e-02	 4.559e-04	 1.141e-03	 2.136e-03	 nan	 
3.631e+03	 -2.593e-02	 4.480e-04	 1.122e-03	 2.099e-03	 nan	 
3.673e+03	 -2.547e-02	 4.401e-04	 1.102e-03	 2.062e-03	 nan	 
3.715e+03	 -2.504e-02	 4.326e-04	 1.083e-03	 2.026e-03	 nan	 
3.758e+03	 -2.461e-02	 4.251e-04	 1.064e-03	 1.992e-03	 nan	 
3.802e+03	 -2.418e-02	 4.178e-04	 1.046e-03	 1.957e-03	 nan	 
3.846e+03	 -2.376e-02	 4.104e-04	 1.028e-03	 1.923e-03	 nan	 
3.890e+03	 -2.335e-02	 4.033e-04	 1.010e-03	 1.889e-03	 nan	 
3.936e+03	 -2.295e-02	 3.964e-04	 9.925e-04	 1.857e-03	 nan	 
3.981e+03	 -2.255e-02	 3.896e-04	 9.755e-04	 1.825e-03	 nan	 
4.027e+03	 -2.215e-02	 3.827e-04	 9.582e-04	 1.793e-03	 nan	 
4.074e+03	 -2.177e-02	 3.761e-04	 9.417e-04	 1.762e-03	 nan	 
4.121e+03	 -2.139e-02	 3.696e-04	 9.255e-04	 1.732e-03	 nan	 
4.169e+03	 -2.103e-02	 3.633e-04	 9.096e-04	 1.702e-03	 nan	 
4.217e+03	 -2.066e-02	 3.569e-04	 8.936e-04	 1.672e-03	 nan	 
4.266e+03	 -2.030e-02	 3.507e-04	 8.781e-04	 1.643e-03	 nan	 
4.315e+03	 -1.995e-02	 3.447e-04	 8.629e-04	 1.615e-03	 nan	 
4.365e+03	 -1.961e-02	 3.387e-04	 8.481e-04	 1.587e-03	 nan	 
4.416e+03	 -1.926e-02	 3.327e-04	 8.330e-04	 1.559e-03	 nan	 
4.467e+03	 -1.893e-02	 3.271e-04	 8.189e-04	 1.532e-03	 nan	 
4.519e+03	 -1.860e-02	 3.214e-04	 8.047e-04	 1.506e-03	 nan	 
4.571e+03	 -1.829e-02	 3.159e-04	 7.910e-04	 1.480e-03	 nan	 
4.624e+03	 -1.796e-02	 3.103e-04	 7.768e-04	 1.453e-03	 nan	 
4.677e+03	 -1.765e-02	 3.049e-04	 7.635e-04	 1.428e-03	 nan	 
4.732e+03	 -1.735e-02	 2.997e-04	 7.503e-04	 1.404e-03	 nan	 
4.786e+03	 -1.705e-02	 2.945e-04	 7.373e-04	 1.380e-03	 nan	 
4.842e+03	 -1.675e-02	 2.894e-04	 7.244e-04	 1.355e-03	 nan	 
4.898e+03	 -1.646e-02	 2.843e-04	 7.119e-04	 1.332e-03	 nan	 
4.954e+03	 -1.618e-02	 2.795e-04	 6.997e-04	 1.309e-03	 nan	 
5.012e+03	 -1.590e-02	 2.746e-04	 6.876e-04	 1.286e-03	 nan	 
5.070e+03	 -1.562e-02	 2.699e-04	 6.757e-04	 1.264e-03	 nan	 
5.129e+03	 -1.535e-02	 2.651e-04	 6.638e-04	 1.242e-03	 nan	 
5.188e+03	 -1.508e-02	 2.606e-04	 6.523e-04	 1.220e-03	 nan	 
5.248e+03	 -1.482e-02	 2.561e-04	 6.411e-04	 1.200e-03	 nan	 
5.309e+03	 -1.457e-02	 2.517e-04	 6.302e-04	 1.179e-03	 nan	 
5.370e+03	 -1.431e-02	 2.472e-04	 6.189e-04	 1.158e-03	 nan	 
5.432e+03	 -1.406e-02	 2.430e-04	 6.084e-04	 1.138e-03	 nan	 
5.495e+03	 -1.382e-02	 2.388e-04	 5.979e-04	 1.119e-03	 nan	 
5.559e+03	 -1.358e-02	 2.346e-04	 5.875e-04	 1.099e-03	 nan	 
5.623e+03	 -1.335e-02	 2.306e-04	 5.774e-04	 1.080e-03	 nan	 
5.688e+03	 -1.311e-02	 2.265e-04	 5.671e-04	 1.061e-03	 nan	 
5.754e+03	 -1.289e-02	 2.226e-04	 5.574e-04	 1.043e-03	 nan	 
5.821e+03	 -1.266e-02	 2.188e-04	 5.478e-04	 1.025e-03	 nan	 
5.888e+03	 -1.244e-02	 2.150e-04	 5.383e-04	 1.007e-03	 nan	 
5.957e+03	 -1.223e-02	 2.112e-04	 5.288e-04	 9.894e-04	 nan	 
6.026e+03	 -1.201e-02	 2.076e-04	 5.197e-04	 9.724e-04	 nan	 
6.095e+03	 -1.181e-02	 2.040e-04	 5.108e-04	 9.558e-04	 nan	 
6.166e+03	 -1.161e-02	 2.005e-04	 5.020e-04	 9.392e-04	 nan	 
6.237e+03	 -1.141e-02	 1.971e-04	 4.934e-04	 9.231e-04	 nan	 
6.310e+03	 -1.120e-02	 1.935e-04	 4.846e-04	 9.066e-04	 nan	 
6.383e+03	 -1.101e-02	 1.902e-04	 4.762e-04	 8.911e-04	 nan	 
6.456e+03	 -1.082e-02	 1.870e-04	 4.681e-04	 8.759e-04	 nan	 
6.531e+03	 -1.063e-02	 1.837e-04	 4.599e-04	 8.605e-04	 nan	 
6.607e+03	 -1.045e-02	 1.806e-04	 4.520e-04	 8.458e-04	 nan	 
6.683e+03	 -1.027e-02	 1.774e-04	 4.440e-04	 8.308e-04	 nan	 
6.761e+03	 -1.009e-02	 1.743e-04	 4.364e-04	 8.165e-04	 nan	 
6.839e+03	 -9.915e-03	 1.713e-04	 4.289e-04	 8.024e-04	 nan	 
6.918e+03	 -9.745e-03	 1.684e-04	 4.215e-04	 7.888e-04	 nan	 
6.998e+03	 -9.577e-03	 1.655e-04	 4.143e-04	 7.752e-04	 nan	 
7.080e+03	 -9.405e-03	 1.625e-04	 4.068e-04	 7.612e-04	 nan	 
7.161e+03	 -9.244e-03	 1.597e-04	 3.999e-04	 7.482e-04	 nan	 
7.244e+03	 -9.083e-03	 1.569e-04	 3.929e-04	 7.351e-04	 nan	 
7.328e+03	 -8.928e-03	 1.542e-04	 3.862e-04	 7.226e-04	 nan	 
7.413e+03	 -8.774e-03	 1.516e-04	 3.795e-04	 7.101e-04	 nan	 
7.499e+03	 -8.619e-03	 1.489e-04	 3.728e-04	 6.975e-04	 nan	 
7.586e+03	 -8.470e-03	 1.463e-04	 3.664e-04	 6.856e-04	 nan	 
7.674e+03	 -8.324e-03	 1.438e-04	 3.601e-04	 6.737e-04	 nan	 
7.762e+03	 -8.181e-03	 1.413e-04	 3.539e-04	 6.621e-04	 nan	 
7.852e+03	 -8.039e-03	 1.389e-04	 3.477e-04	 6.507e-04	 nan	 
7.943e+03	 -7.901e-03	 1.365e-04	 3.418e-04	 6.395e-04	 nan	 
8.035e+03	 -7.759e-03	 1.341e-04	 3.356e-04	 6.279e-04	 nan	 
8.128e+03	 -7.627e-03	 1.318e-04	 3.299e-04	 6.173e-04	 nan	 
8.222e+03	 -7.496e-03	 1.295e-04	 3.243e-04	 6.067e-04	 nan	 
8.318e+03	 -7.367e-03	 1.273e-04	 3.187e-04	 5.962e-04	 nan	 
8.414e+03	 -7.240e-03	 1.251e-04	 3.132e-04	 5.860e-04	 nan	 
8.511e+03	 -7.111e-03	 1.229e-04	 3.076e-04	 5.756e-04	 nan	 
8.610e+03	 -6.988e-03	 1.207e-04	 3.023e-04	 5.655e-04	 nan	 
8.710e+03	 -6.867e-03	 1.186e-04	 2.970e-04	 5.558e-04	 nan	 
8.810e+03	 -6.750e-03	 1.166e-04	 2.920e-04	 5.463e-04	 nan	 
8.912e+03	 -6.633e-03	 1.146e-04	 2.869e-04	 5.369e-04	 nan	 
9.016e+03	 -6.520e-03	 1.126e-04	 2.820e-04	 5.277e-04	 nan	 
9.120e+03	 -6.404e-03	 1.106e-04	 2.770e-04	 5.182e-04	 nan	 
9.226e+03	 -6.292e-03	 1.087e-04	 2.722e-04	 5.093e-04	 nan	 
9.332e+03	 -6.184e-03	 1.068e-04	 2.675e-04	 5.005e-04	 nan	 
9.441e+03	 -6.077e-03	 1.050e-04	 2.629e-04	 4.919e-04	 nan	 
9.550e+03	 -5.972e-03	 1.032e-04	 2.583e-04	 4.833e-04	 nan	 
9.660e+03	 -5.871e-03	 1.014e-04	 2.540e-04	 4.752e-04	 nan	 
9.772e+03	 -5.765e-03	 9.961e-05	 2.494e-04	 4.666e-04	 nan	 
9.886e+03	 -5.665e-03	 9.788e-05	 2.451e-04	 4.585e-04	 nan	 
1.000e+04	 -5.569e-03	 9.622e-05	 2.409e-04	 4.507e-04	 nan	 
1.012e+04	 -5.472e-03	 9.454e-05	 2.367e-04	 4.428e-04	 nan	 
1.023e+04	 -5.378e-03	 9.292e-05	 2.326e-04	 4.353e-04	 nan	 
1.035e+04	 -5.286e-03	 9.133e-05	 2.287e-04	 4.279e-04	 nan	 
1.047e+04	 -5.192e-03	 8.970e-05	 2.246e-04	 4.202e-04	 nan	 
1.059e+04	 -5.101e-03	 8.813e-05	 2.206e-04	 4.128e-04	 nan	 
1.072e+04	 -5.015e-03	 8.664e-05	 2.169e-04	 4.059e-04	 nan	 
1.084e+04	 -4.928e-03	 8.515e-05	 2.132e-04	 3.989e-04	 nan	 
1.096e+04	 -4.842e-03	 8.366e-05	 2.095e-04	 3.919e-04	 nan	 
1.109e+04	 -4.759e-03	 8.221e-05	 2.058e-04	 3.851e-04	 nan	 
1.122e+04	 -4.674e-03	 8.076e-05	 2.022e-04	 3.783e-04	 nan	 
1.135e+04	 -4.594e-03	 7.936e-05	 1.987e-04	 3.718e-04	 nan	 
1.148e+04	 -4.515e-03	 7.801e-05	 1.953e-04	 3.655e-04	 nan	 
1.161e+04	 -4.436e-03	 7.663e-05	 1.919e-04	 3.590e-04	 nan	 
1.175e+04	 -4.359e-03	 7.532e-05	 1.886e-04	 3.529e-04	 nan	 
1.188e+04	 -4.284e-03	 7.402e-05	 1.853e-04	 3.468e-04	 nan	 
1.202e+04	 -4.208e-03	 7.271e-05	 1.820e-04	 3.406e-04	 nan	 
1.216e+04	 -4.136e-03	 7.146e-05	 1.789e-04	 3.347e-04	 nan	 
1.230e+04	 -4.065e-03	 7.022e-05	 1.758e-04	 3.290e-04	 nan	 
1.244e+04	 -3.994e-03	 6.900e-05	 1.728e-04	 3.233e-04	 nan	 
1.259e+04	 -3.926e-03	 6.783e-05	 1.698e-04	 3.177e-04	 nan	 
1.274e+04	 -3.858e-03	 6.666e-05	 1.669e-04	 3.123e-04	 nan	 
1.288e+04	 -3.788e-03	 6.545e-05	 1.639e-04	 3.066e-04	 nan	 
1.303e+04	 -3.724e-03	 6.434e-05	 1.611e-04	 3.014e-04	 nan	 
1.318e+04	 -3.660e-03	 6.324e-05	 1.583e-04	 2.963e-04	 nan	 
1.334e+04	 -3.596e-03	 6.213e-05	 1.555e-04	 2.911e-04	 nan	 
1.349e+04	 -3.534e-03	 6.106e-05	 1.529e-04	 2.861e-04	 nan	 
1.365e+04	 -3.474e-03	 6.001e-05	 1.503e-04	 2.811e-04	 nan	 
1.380e+04	 -3.413e-03	 5.898e-05	 1.477e-04	 2.763e-04	 nan	 
1.396e+04	 -3.353e-03	 5.793e-05	 1.450e-04	 2.714e-04	 nan	 
1.412e+04	 -3.295e-03	 5.693e-05	 1.425e-04	 2.667e-04	 nan	 
1.429e+04	 -3.238e-03	 5.593e-05	 1.400e-04	 2.620e-04	 nan	 
1.445e+04	 -3.183e-03	 5.500e-05	 1.377e-04	 2.576e-04	 nan	 
1.462e+04	 -3.127e-03	 5.403e-05	 1.353e-04	 2.531e-04	 nan	 
1.479e+04	 -3.073e-03	 5.309e-05	 1.329e-04	 2.487e-04	 nan	 
1.496e+04	 -3.019e-03	 5.215e-05	 1.306e-04	 2.443e-04	 nan	 
1.514e+04	 -2.967e-03	 5.127e-05	 1.284e-04	 2.402e-04	 nan	 
1.531e+04	 -2.915e-03	 5.036e-05	 1.261e-04	 2.359e-04	 nan	 
1.549e+04	 -2.865e-03	 4.950e-05	 1.239e-04	 2.319e-04	 nan	 
1.567e+04	 -2.816e-03	 4.865e-05	 1.218e-04	 2.279e-04	 nan	 
1.585e+04	 -2.768e-03	 4.782e-05	 1.197e-04	 2.240e-04	 nan	 
1.603e+04	 -2.720e-03	 4.699e-05	 1.176e-04	 2.201e-04	 nan	 
1.622e+04	 -2.671e-03	 4.615e-05	 1.155e-04	 2.162e-04	 nan	 
1.641e+04	 -2.625e-03	 4.535e-05	 1.135e-04	 2.125e-04	 nan	 
1.660e+04	 -2.579e-03	 4.456e-05	 1.116e-04	 2.088e-04	 nan	 
1.679e+04	 -2.536e-03	 4.381e-05	 1.097e-04	 2.052e-04	 nan	 
1.698e+04	 -2.492e-03	 4.305e-05	 1.078e-04	 2.017e-04	 nan	 
1.718e+04	 -2.448e-03	 4.230e-05	 1.059e-04	 1.981e-04	 nan	 
1.738e+04	 -2.406e-03	 4.158e-05	 1.041e-04	 1.948e-04	 nan	 
1.758e+04	 -2.364e-03	 4.084e-05	 1.023e-04	 1.913e-04	 nan	 
1.778e+04	 -2.322e-03	 4.012e-05	 1.005e-04	 1.880e-04	 nan	 
1.799e+04	 -2.283e-03	 3.944e-05	 9.874e-05	 1.848e-04	 nan	 
1.820e+04	 -2.244e-03	 3.876e-05	 9.705e-05	 1.816e-04	 nan	 
1.841e+04	 -2.205e-03	 3.810e-05	 9.538e-05	 1.785e-04	 nan	 
1.862e+04	 -2.167e-03	 3.744e-05	 9.374e-05	 1.754e-04	 nan	 
1.884e+04	 -2.128e-03	 3.677e-05	 9.207e-05	 1.723e-04	 nan	 
1.906e+04	 -2.092e-03	 3.614e-05	 9.047e-05	 1.693e-04	 nan	 
1.928e+04	 -2.055e-03	 3.551e-05	 8.891e-05	 1.664e-04	 nan	 
1.950e+04	 -2.020e-03	 3.490e-05	 8.736e-05	 1.635e-04	 nan	 
1.972e+04	 -1.984e-03	 3.429e-05	 8.584e-05	 1.606e-04	 nan	 
1.995e+04	 -1.951e-03	 3.371e-05	 8.439e-05	 1.579e-04	 nan	 
2.018e+04	 -1.916e-03	 3.310e-05	 8.287e-05	 1.551e-04	 nan	 
2.042e+04	 -1.883e-03	 3.254e-05	 8.146e-05	 1.524e-04	 nan	 
2.065e+04	 -1.850e-03	 3.197e-05	 8.003e-05	 1.497e-04	 nan	 
2.089e+04	 -1.819e-03	 3.142e-05	 7.867e-05	 1.472e-04	 nan	 
2.114e+04	 -1.788e-03	 3.088e-05	 7.732e-05	 1.447e-04	 nan	 
2.138e+04	 -1.757e-03	 3.035e-05	 7.599e-05	 1.422e-04	 nan	 
2.163e+04	 -1.726e-03	 2.982e-05	 7.465e-05	 1.397e-04	 nan	 
2.188e+04	 -1.695e-03	 2.929e-05	 7.333e-05	 1.372e-04	 nan	 
2.213e+04	 -1.666e-03	 2.878e-05	 7.206e-05	 1.348e-04	 nan	 
2.239e+04	 -1.638e-03	 2.830e-05	 7.085e-05	 1.326e-04	 nan	 
2.265e+04	 -1.610e-03	 2.781e-05	 6.963e-05	 1.303e-04	 nan	 
2.291e+04	 -1.581e-03	 2.731e-05	 6.839e-05	 1.280e-04	 nan	 
2.317e+04	 -1.554e-03	 2.684e-05	 6.720e-05	 1.257e-04	 nan	 
2.344e+04	 -1.527e-03	 2.639e-05	 6.607e-05	 1.236e-04	 nan	 
2.371e+04	 -1.501e-03	 2.592e-05	 6.491e-05	 1.214e-04	 nan	 
2.399e+04	 -1.474e-03	 2.547e-05	 6.377e-05	 1.193e-04	 nan	 
2.427e+04	 -1.448e-03	 2.502e-05	 6.265e-05	 1.172e-04	 nan	 
2.455e+04	 -1.424e-03	 2.460e-05	 6.159e-05	 1.152e-04	 nan	 
2.483e+04	 -1.399e-03	 2.417e-05	 6.051e-05	 1.132e-04	 nan	 
2.512e+04	 -1.375e-03	 2.376e-05	 5.948e-05	 1.113e-04	 nan	 
2.541e+04	 -1.351e-03	 2.335e-05	 5.846e-05	 1.094e-04	 nan	 
2.570e+04	 -1.328e-03	 2.294e-05	 5.743e-05	 1.075e-04	 nan	 
2.600e+04	 -1.305e-03	 2.254e-05	 5.644e-05	 1.056e-04	 nan	 
2.630e+04	 -1.282e-03	 2.216e-05	 5.548e-05	 1.038e-04	 nan	 
2.661e+04	 -1.260e-03	 2.176e-05	 5.449e-05	 1.020e-04	 nan	 
2.692e+04	 -1.238e-03	 2.139e-05	 5.354e-05	 1.002e-04	 nan	 
2.723e+04	 -1.217e-03	 2.102e-05	 5.263e-05	 9.847e-05	 nan	 
2.754e+04	 -1.195e-03	 2.065e-05	 5.171e-05	 9.675e-05	 nan	 
2.786e+04	 -1.175e-03	 2.029e-05	 5.081e-05	 9.507e-05	 nan	 
2.818e+04	 -1.155e-03	 1.996e-05	 4.996e-05	 9.348e-05	 nan	 
2.851e+04	 -1.134e-03	 1.960e-05	 4.906e-05	 9.179e-05	 nan	 
2.884e+04	 -1.115e-03	 1.927e-05	 4.824e-05	 9.025e-05	 nan	 
2.917e+04	 -1.096e-03	 1.893e-05	 4.740e-05	 8.868e-05	 nan	 
2.951e+04	 -1.077e-03	 1.860e-05	 4.657e-05	 8.714e-05	 nan	 
2.985e+04	 -1.059e-03	 1.830e-05	 4.581e-05	 8.571e-05	 nan	 
3.020e+04	 -1.031e-03	 1.781e-05	 4.459e-05	 8.342e-05	 nan	 
3.055e+04	 -9.515e-04	 1.644e-05	 4.116e-05	 7.701e-05	 nan	 
3.090e+04	 -8.228e-04	 1.422e-05	 3.559e-05	 6.660e-05	 nan	 
3.126e+04	 -6.875e-04	 1.188e-05	 2.974e-05	 5.564e-05	 nan	 
3.162e+04	 -5.695e-04	 9.840e-06	 2.463e-05	 4.609e-05	 nan	 
3.199e+04	 -4.765e-04	 8.232e-06	 2.061e-05	 3.856e-05	 nan	 
3.236e+04	 -4.046e-04	 6.990e-06	 1.750e-05	 3.274e-05	 nan	 
3.273e+04	 -3.491e-04	 6.031e-06	 1.510e-05	 2.825e-05	 nan	 
3.311e+04	 -3.059e-04	 5.286e-06	 1.323e-05	 2.476e-05	 nan	 
3.350e+04	 -2.718e-04	 4.695e-06	 1.176e-05	 2.199e-05	 nan	 
3.388e+04	 -2.440e-04	 4.216e-06	 1.056e-05	 1.975e-05	 nan	 
3.428e+04	 -2.214e-04	 3.825e-06	 9.576e-06	 1.792e-05	 nan	 
3.467e+04	 -2.023e-04	 3.496e-06	 8.752e-06	 1.638e-05	 nan	 
3.508e+04	 -1.864e-04	 3.221e-06	 8.063e-06	 1.509e-05	 nan	 
3.548e+04	 -1.726e-04	 2.983e-06	 7.468e-06	 1.397e-05	 nan	 
3.589e+04	 -1.608e-04	 2.779e-06	 6.957e-06	 1.302e-05	 nan	 
3.631e+04	 -1.504e-04	 2.598e-06	 6.505e-06	 1.217e-05	 nan	 
3.673e+04	 -1.412e-04	 2.439e-06	 6.107e-06	 1.143e-05	 nan	 
3.715e+04	 -1.331e-04	 2.299e-06	 5.756e-06	 1.077e-05	 nan	 
3.758e+04	 -1.257e-04	 2.171e-06	 5.436e-06	 1.017e-05	 nan	 
3.802e+04	 -1.190e-04	 2.056e-06	 5.147e-06	 9.631e-06	 nan	 
3.846e+04	 -1.131e-04	 1.953e-06	 4.891e-06	 9.150e-06	 nan	 
3.890e+04	 -1.076e-04	 1.858e-06	 4.652e-06	 8.705e-06	 nan	 
3.936e+04	 -1.025e-04	 1.771e-06	 4.435e-06	 8.298e-06	 nan	 
3.981e+04	 -9.785e-05	 1.691e-06	 4.233e-06	 7.919e-06	 nan	 
